-10.414831152257419 0.2 -10.442908649106073 0.2 lambertian 0.05707091242396909 0.25808320388205025 0.627634267168821
-10.171821411115383 0.2 -9.868823065714787 0.2 metal 0.77951608994966 0.9297808084084624 0.9729056740291873 0.11607630038749445
-10.966669950942345 0.2 -8.150269441615096 0.2 lambertian 0.15679683271256795 0.003540688858162467 0.20895391991772153
-10.201297881848191 0.2 -7.57818292272598 0.2 lambertian 0.19245939388672884 0.16765938531792235 0.1508247265177086
-10.193114023750795 0.2 -6.632364126545199 0.2 metal 0.7992938503381488 0.5440339542934911 0.8547809743433796 0.3624949125404328
-10.369357364091318 0.2 -5.5279072143058015 0.2 lambertian 0.5227785392463273 0.5218782024722586 0.0024893703176981498
-10.951550633756856 0.2 -4.309628878225196 0.2 lambertian 0.07771835375391505 0.14878732540683137 0.0713166679743307
-10.984070021049172 0.2 -3.401626881634354 0.2 lambertian 0.5609172568808749 0.2455498472069543 0.3253573689585373
-10.245151424981335 0.2 -2.3888309785216286 0.2 metal 0.6551329923059382 0.7809304847837644 0.7227938770398934 0.3669597213942869
-10.835119728859784 0.2 -1.3114228698152508 0.2 lambertian 0.08386124180817288 0.20768005404081794 0.3865365233498237
-10.79273663879187 0.2 -0.1374221688089 0.2 lambertian 0.41761848989902656 0.24528869678093504 0.0024047463096559573
-10.591462187729451 0.2 0.6054085319357538 0.2 lambertian 0.05046890378151659 0.09810284018814396 0.25885420234267054
-10.768755608369826 0.2 1.4148630202076795 0.2 lambertian 0.00014389791086146712 0.09545193571574212 0.26361550859285593
-10.726279372420048 0.2 2.402225411071514 0.2 lambertian 0.07250538775173027 0.20852415998092683 0.18869769177097911
-10.196618884449514 0.2 3.238934804319122 0.2 metal 0.9307389323732804 0.5542863529733112 0.5022109989308097 0.49749883925672167
-10.973367147359397 0.2 4.139621949450035 0.2 lambertian 0.018776553535355307 0.5111466625463211 0.039009385360847026
-10.463071954382945 0.2 5.6398336722709645 0.2 lambertian 0.1250139152397364 0.3257838099402888 0.09291679675339161
-10.41461870743757 0.2 6.66927145538725 0.2 lambertian 0.26848353988319384 0.3558978657887456 0.39444997628885364
-10.157501914177438 0.2 7.823751272008991 0.2 lambertian 0.30060724057814553 0.034008637682371515 0.0037676667666455784
-10.843067565736792 0.2 8.01168863000008 0.2 metal 0.6906490620499128 0.7862180968617405 0.8047823155708749 0.10883312615306234
-10.740336720818938 0.2 9.501145369674093 0.2 lambertian 0.7079686515737883 0.1663160908561732 0.27541260622844116
-10.917692376888711 0.2 10.28581309024416 0.2 lambertian 0.2894440787301419 0.16129257742886474 0.1313933384730694
-9.86819055498422 0.2 -10.202798316968082 0.2 lambertian 0.0158189516784982 0.0007035504143323512 0.04990793065888383
-9.549540612478511 0.2 -9.33188048387195 0.2 lambertian 0.005853689886528635 0.7442687147526736 0.35292639290848465
-9.424643862923384 0.2 -8.440399364990455 0.2 lambertian 0.8528262661803296 0.44864472206168154 0.8619070232707223
-9.385987221137821 0.2 -7.142368213868697 0.2 lambertian 0.21599183333523916 0.2310806032199247 0.46414748968458125
-9.540987986617145 0.2 -6.559505070105915 0.2 lambertian 0.0816435428502132 0.6463531895446715 0.29999724121587606
-9.74191773055215 0.2 -5.750039412492019 0.2 dielectric 1.5
-9.717311691570993 0.2 -4.6069862978234575 0.2 dielectric 1.5
-9.201711868864612 0.2 -3.7742341147558007 0.2 lambertian 0.10520134969412236 0.26540120362890496 0.09056522758707433
-9.497789710755793 0.2 -2.2100607996139843 0.2 lambertian 0.5534498960794378 0.22626897756833347 0.35187629794853215
-9.760444436279787 0.2 -1.6163120728788058 0.2 lambertian 0.36861034729066844 0.026667128529768207 0.4320281582251427
-9.333958241248256 0.2 -0.6717541217841132 0.2 lambertian 0.06714101756961083 0.6544687190044624 0.18233253996036083
-9.810486675200172 0.2 0.5383357906365044 0.2 lambertian 0.006464828879106571 0.532872733746342 0.00690424591196197
-9.183302247957911 0.2 1.8239609042094584 0.2 lambertian 0.13937320236324735 0.05502154010165008 0.8143666842729195
-9.650160531136333 0.2 2.271906029913468 0.2 lambertian 0.17058894085975587 0.5072494109787112 0.021336380784540265
-9.621551057219213 0.2 3.1830658897427595 0.2 lambertian 0.4384926469917203 0.09386180740669017 0.6681262122945019
-9.483603129755517 0.2 4.21867010036517 0.2 lambertian 0.23830715033427372 0.09522768451469865 0.2850172690226231
-9.249847589563736 0.2 5.136467910359032 0.2 lambertian 0.09943375854383746 0.5466405969285884 0.20025503610320922
-9.827260669279857 0.2 6.77259599858405 0.2 metal 0.6977577372535124 0.5077000507655397 0.7155224408338628 0.2779860647525391
-9.961338375397156 0.2 7.7012716421705525 0.2 lambertian 0.29563286867336663 0.12121157567844582 0.29735754955587096
-9.661620525148686 0.2 8.131815639626494 0.2 lambertian 0.27871628937035586 0.18073695298998133 0.7200221711711428
-9.60715630726458 0.2 9.624702647585025 0.2 lambertian 0.770153572867173 0.3453452177302302 0.11064718631402148
-9.113112511303308 0.2 10.291040394719477 0.2 lambertian 0.4822233402758127 0.8685427287075687 0.15263691658381026
-8.128385597704758 0.2 -10.356398104108349 0.2 lambertian 0.2181753411584336 0.07554285709809372 0.18670655693421978
-8.14790461992554 0.2 -9.638680190944529 0.2 lambertian 0.18771238990821768 0.24177067201305955 0.34094528268515156
-8.935465725218144 0.2 -8.137263574316487 0.2 lambertian 0.22562769347154238 0.1145814056192219 0.12489913007623991
-8.557103280758191 0.2 -7.632632235533264 0.2 lambertian 0.10338842693917506 0.1155854860764046 0.032444838345843
-8.811895908839858 0.2 -6.815189574346991 0.2 metal 0.7445499379571461 0.9282478538939797 0.8742327527126965 0.20101398702460843
-8.898572445063039 0.2 -5.796833267340545 0.2 lambertian 0.23977592413257562 0.055767115112270976 0.49909907732245745
-8.315989693202749 0.2 -4.334134229356709 0.2 lambertian 0.45184609345203686 0.16864677647201326 0.041134150941514167
-8.15252008512754 0.2 -3.959237049342172 0.2 metal 0.8357617208333117 0.8339866077403756 0.890284982958492 0.3036475106354974
-8.146745087739667 0.2 -2.8042986243064236 0.2 metal 0.8048714218979008 0.6842482330960766 0.8848368734176486 0.23503304356326843
-8.345267303825226 0.2 -1.9308578596234938 0.2 dielectric 1.5
-8.26175608386728 0.2 -0.9764077061028265 0.2 lambertian 0.036693694423280285 0.19134522300362172 0.004501587511142434
-8.544606488711977 0.2 0.3040316854271839 0.2 lambertian 0.4852782507400147 0.25113917455355367 0.2113033047992782
-8.178706061721172 0.2 1.7138823051659182 0.2 lambertian 0.271534943491486 0.11237028031831392 0.3791973232801753
-8.632188070732454 0.2 2.590712807253942 0.2 lambertian 0.3018043336663059 0.4324524598295526 0.11740315305266776
-8.730865574003944 0.2 3.4636919132167328 0.2 lambertian 0.5464308038633129 0.17119910015154502 0.5800864844335044
-8.518340613165481 0.2 4.487346861769518 0.2 lambertian 0.5031530008704316 0.020785137853633787 0.016921327982412745
-8.338217098286178 0.2 5.7299085133393985 0.2 lambertian 0.10330826620137676 0.2472053982562249 0.5283436577734553
-8.76967133611792 0.2 6.731714157378197 0.2 lambertian 0.09508818832044033 0.20622526116244558 0.07294820541005748
-8.91549097341406 0.2 7.448818094379938 0.2 lambertian 0.023169723380512663 0.24982314671665018 0.27345977170141206
-8.18061836580329 0.2 8.415842095199395 0.2 lambertian 0.08235973306646698 0.7168399998485807 0.1660682550943974
-8.79802987103484 0.2 9.895410531079511 0.2 metal 0.6775199753097094 0.5413820959178377 0.5170163950836613 0.1289524713943775
-8.558518756292 0.2 10.397719973452903 0.2 lambertian 0.003601705934600859 0.12907008790058253 0.004702007410592067
-7.831216405841856 0.2 -10.733639441539307 0.2 lambertian 0.7078651510200298 0.3802557957943665 0.27271316085602465
-7.283859870073091 0.2 -9.38013532574096 0.2 metal 0.859956709572537 0.6639790107676145 0.9828066239029218 0.14695760583515016
-7.943245519548927 0.2 -8.508017097929962 0.2 lambertian 0.07181681717692692 0.7977364813068637 0.044207408396079596
-7.964465744258339 0.2 -7.938417140437589 0.2 lambertian 0.6089117470206983 0.4203978641250078 0.7456611060005284
-7.3703695939912235 0.2 -6.114904845109372 0.2 metal 0.7284949865335655 0.7369048971115975 0.574816205926514 0.08909532589867203
-7.876297396036918 0.2 -5.462405831868675 0.2 lambertian 0.2690137661588549 0.7343714676736902 0.03212224681243882
-7.456594064803402 0.2 -4.18806466081306 0.2 metal 0.6436302826103082 0.6161684995932482 0.5122841485106346 0.09799402111345717
-7.827182982825814 0.2 -3.4971625564648843 0.2 lambertian 0.0979654919313868 0.0652205756101847 0.4818592005699188
-7.223120890435544 0.2 -2.9386653275412034 0.2 lambertian 0.14864758500958228 0.09438030137359488 0.015445943490014094
-7.503473045694953 0.2 -1.3972871468871615 0.2 lambertian 0.2275350961642226 0.5316311764869748 0.11976368311525033
-7.271298997055862 0.2 -0.8614657118904945 0.2 lambertian 0.0625905661891522 0.29571196527488686 0.03557040052370228
-7.320298168268731 0.2 0.8443785561873236 0.2 lambertian 0.011884875259349578 0.3871806723382548 0.509190824734265
-7.76368469366394 0.2 1.3432071490601176 0.2 metal 0.5371802548863192 0.5797118240560868 0.604770176284062 0.20401698368838728
-7.700218014948728 0.2 2.3259208674459724 0.2 lambertian 0.33100988133351095 0.5571177457545086 0.4847548603180835
-7.15644993221531 0.2 3.543381279940278 0.2 lambertian 0.020526755459450336 0.6273464388679223 0.6778095307442539
-7.279166693515636 0.2 4.369379014823136 0.2 lambertian 0.9452638593178749 0.028258205993608232 0.034195164768652954
-7.9968722155094385 0.2 5.711567771080431 0.2 lambertian 0.27280841358398766 0.13464847096442098 0.041176803098247235
-7.481670212416593 0.2 6.201505034122075 0.2 metal 0.6035104394209361 0.5614599020289294 0.682817137155217 0.24521908417097876
-7.740840685975158 0.2 7.100589109690104 0.2 lambertian 0.04175921181948491 0.2972073718342017 0.005895794565118462
-7.136481713187226 0.2 8.209603869536474 0.2 lambertian 0.10474262123811505 0.21362227386645563 0.26325759380873365
-7.400695045288923 0.2 9.491484068516716 0.2 lambertian 0.29401434032165263 0.19353954241100418 0.33105194482304784
-7.5680294776888966 0.2 10.434431210609308 0.2 lambertian 0.11116827134076016 0.399090314524643 0.537272841734699
-6.398603239403522 0.2 -10.656132975114062 0.2 lambertian 0.3827248779781307 0.05705801000686976 0.12947010038703402
-6.300424004984324 0.2 -9.679936128207945 0.2 dielectric 1.5
-6.316463947409828 0.2 -8.407268861840228 0.2 lambertian 0.19894490461151612 0.6614327638665026 0.4070460100678515
-6.497489721578366 0.2 -7.968066342521033 0.2 lambertian 0.10102249411803343 0.07120049039685811 0.12106749251626592
-6.114872458478932 0.2 -6.802092529943318 0.2 dielectric 1.5
-6.778089876989879 0.2 -5.20499167538617 0.2 lambertian 0.12359604628450901 0.13585629203226382 0.10901994278415188
-6.2890206426727895 0.2 -4.2430535251657355 0.2 lambertian 0.6237025206800747 0.35592309990314913 0.05856927629855963
-6.483518714478787 0.2 -3.9026083390513695 0.2 lambertian 0.22244381405926916 0.4642588928714796 0.08631534283956661
-6.7829678976446965 0.2 -2.908451958794759 0.2 metal 0.5694671326712154 0.8304894650413812 0.8631933364185751 0.05815223521519641
-6.176232736461628 0.2 -1.8501464619948667 0.2 lambertian 0.07182803937338583 0.2804200375720629 0.5029387878901983
-6.207807875011499 0.2 -0.5653503250469524 0.2 lambertian 0.6808027844414961 0.4244541641569535 0.4760346515370086
-6.8987685569660515 0.2 0.3623404915336 0.2 lambertian 0.1325210510729175 0.048182279314692864 0.2770677792420533
-6.502494667673355 0.2 1.6142141767847191 0.2 metal 0.5081357734253664 0.7660757321561429 0.9372807818671469 0.007298119030939854
-6.79903225188076 0.2 2.8350597091610146 0.2 lambertian 0.01636686536534025 0.15096664425286827 0.4556988566852494
-6.510045405704824 0.2 3.447172591699998 0.2 lambertian 0.06028250420522924 0.05712314793311538 0.07954260467728488
-6.73073922121327 0.2 4.266808889174921 0.2 lambertian 0.15466873177566723 0.08459399778848506 0.41723795039106676
-6.843236211256833 0.2 5.318565329331699 0.2 metal 0.5054439991648261 0.7646257749868186 0.6139436210703435 0.008126054421676132
-6.308711213059473 0.2 6.048042064615458 0.2 lambertian 0.2738533000479871 0.19487962214713314 0.42569478770805624
-6.326647510214873 0.2 7.373195968904995 0.2 lambertian 0.1265524435808937 0.04786943100657074 0.47186815228483314
-6.497710473103621 0.2 8.46611169680346 0.2 lambertian 0.5253275351248089 0.6276609857897193 0.5532157433122158
-6.491386682890963 0.2 9.821062639383076 0.2 dielectric 1.5
-6.348050997306902 0.2 10.704598702747283 0.2 lambertian 0.1352936347421911 0.25499825231370027 0.07198090603483769
-5.985328855738818 0.2 -10.881222068581 0.2 lambertian 0.43135744993860325 0.00873846913640858 0.05589703282874648
-5.154757920539907 0.2 -9.38218245571898 0.2 lambertian 0.5906709725690387 0.5177646504406207 0.15468634167750953
-5.800618653591987 0.2 -8.588055608708741 0.2 lambertian 0.043586603578558085 0.14802739102552423 0.3255820229073911
-5.481990876153651 0.2 -7.267251005901924 0.2 lambertian 0.019424349190434193 0.01661749612601764 0.657783224860692
-5.51589820615847 0.2 -6.949847803797385 0.2 lambertian 0.5949496490197796 0.31523728714632826 0.012611714984375803
-5.252026024495496 0.2 -5.647993366046539 0.2 lambertian 0.4539782926836579 0.32948137661948235 0.4878753383460299
-5.24058201855477 0.2 -4.800867612015099 0.2 lambertian 0.10995191246124231 0.30333509667510783 0.19725163960905764
-5.171564169061182 0.2 -3.4302737339213714 0.2 lambertian 0.21605756779301982 0.009152655075127662 0.4765737315751054
-5.6822826332538305 0.2 -2.669759102189646 0.2 dielectric 1.5
-5.912382619666401 0.2 -1.2960291009710916 0.2 metal 0.5671591739182458 0.9878564636455929 0.7057964097132483 0.4254262446210341
-5.959714470774529 0.2 -0.6022384109811352 0.2 lambertian 0.2557037492661834 0.17224822320611433 0.4029564195613983
-5.329383809958286 0.2 0.02339201769096356 0.2 lambertian 0.22014580453385044 0.15239444254627263 0.008687964965024704
-5.305645507787404 0.2 1.50656343388348 0.2 lambertian 0.0385663576484706 0.0866349200345167 0.841061997957707
-5.298232940978414 0.2 2.8342218615335586 0.2 lambertian 0.05436278153405882 0.013591974700027524 0.6393395826221634
-5.998188368630344 0.2 3.0648102453308916 0.2 lambertian 0.39773740144517117 0.24231228985215178 0.12712177497703295
-5.804951000430084 0.2 4.2282934314353815 0.2 lambertian 0.029532713386910044 0.09575493905754136 0.14027528152907176
-5.750254500581337 0.2 5.395779283205823 0.2 lambertian 0.30426284081026506 0.5114471901051454 0.21001000085324525
-5.229205019781323 0.2 6.457416162252436 0.2 lambertian 0.04634268328123835 0.7315148030269369 0.41130591912172354
-5.280931010973667 0.2 7.812043674233542 0.2 metal 0.764878188344227 0.5211857131381983 0.8966054985737462 0.462947689663905
-5.2504059638609135 0.2 8.86406802579465 0.2 lambertian 0.6246788436202041 0.02551076708147025 0.42014949422241477
-5.944255691759107 0.2 9.159569689724513 0.2 lambertian 0.009208437289196259 0.09105454205815823 0.5704992959161319
-5.310802200089029 0.2 10.016259006950255 0.2 metal 0.8541057601525814 0.870850532916364 0.6896840961930168 0.11910885403974664
-4.557982985655567 0.2 -10.390346822247155 0.2 lambertian 0.3038846471068556 0.2381451278438614 0.7063705129204266
-4.574619021425876 0.2 -9.220210223718965 0.2 lambertian 0.09090245849475273 0.09843713172272613 0.016750809151259708
-4.631322059255303 0.2 -8.341306568108298 0.2 lambertian 0.38766571576487424 0.6198338886546655 0.038781496240396326
-4.169853219628349 0.2 -7.65646852080089 0.2 lambertian 0.3255302789457454 0.10520632821273794 0.7432044442196151
-4.9151157642809835 0.2 -6.341687978734785 0.2 lambertian 0.701798436817118 0.11332557999839686 0.16936947578149128
-4.8759638850815366 0.2 -5.687923348554172 0.2 lambertian 0.027256276807249298 0.8489361326949814 0.08818108503035277
-4.690565282165571 0.2 -4.560129529836502 0.2 lambertian 0.0012771129876215275 0.3650625801191937 0.1753178630741172
-4.80170788375177 0.2 -3.2213426723958154 0.2 lambertian 0.7416294771653154 0.0515760679280662 0.4240156105865721
-4.29448729995812 0.2 -2.2711104161588795 0.2 lambertian 0.08495203932571775 0.747344465646147 0.4414421587853485
-4.820502519309092 0.2 -1.2455788235393286 0.2 lambertian 0.542506134934873 0.05501428402108515 0.8016563183393774
-4.353818487769144 0.2 -0.5051875672858788 0.2 lambertian 0.013810559598520011 0.2947247432143759 0.543153197088531
-4.1343000713565115 0.2 0.8853595479342512 0.2 lambertian 0.04849744723618751 0.009959919033602863 0.8897811500708173
-4.936274551711847 0.2 1.1465854426150779 0.2 metal 0.8519543129223246 0.7647863186659001 0.6211165850521273 0.2882736690906891
-4.7223137834640605 0.2 2.0531737147083464 0.2 metal 0.9080016619865545 0.6902961298853694 0.7519733871782299 0.29762474421022933
-4.645729622062728 0.2 3.8390801714858402 0.2 lambertian 0.4634364965971445 0.007220011683640905 0.5813406421993342
-4.614356035321095 0.2 4.20904529965785 0.2 lambertian 0.11083362820710936 0.7510499623453591 0.18232400973657645
-4.57995301351259 0.2 5.752448603737279 0.2 metal 0.6642379528369772 0.9916934589396302 0.7045588718941118 0.44792358185906017
-4.790795415339355 0.2 6.639628044406962 0.2 lambertian 0.9332774141817637 0.09980728209667163 0.19697173994976963
-4.7436099426541745 0.2 7.47075785779181 0.2 lambertian 0.010296779027047813 0.05885849819235492 0.2217518303259145
-4.8657629048341935 0.2 8.686379250865842 0.2 lambertian 0.0727098169205828 0.36754403516992895 0.06254644257850532
-4.650679160093886 0.2 9.823932168841424 0.2 lambertian 0.13294217109645767 0.4730869538462003 0.4617754719463674
-4.276440842452167 0.2 10.33294112955541 0.2 lambertian 0.8080009127216555 0.0994478963000018 0.2180452061933243
-3.2928818575621315 0.2 -10.142781824796568 0.2 lambertian 0.5165587848792162 0.5473752178039492 0.5558281509318923
-3.741801461695978 0.2 -9.423069814747226 0.2 lambertian 0.01830688808359316 0.37296155184892565 0.7368369176422234
-3.507363002974362 0.2 -8.200931324258374 0.2 metal 0.7648243727866402 0.8702963749624336 0.9191343229288403 0.23040699916641222
-3.634045429571705 0.2 -7.880095134807388 0.2 lambertian 0.1048686673143158 0.45715576800471697 0.5640943328046921
-3.2635742143421616 0.2 -6.435233878761658 0.2 lambertian 0.32139884686655973 0.14469441375693864 0.4530336527334496
-3.9199332094192103 0.2 -5.53081214674875 0.2 lambertian 0.19102203805786683 0.33435410352027534 0.03936172730110033
-3.760795888452421 0.2 -4.757571860289931 0.2 lambertian 0.03501305227507947 0.1129687319749819 0.017562638979433182
-3.9280790736504545 0.2 -3.888034836517968 0.2 lambertian 0.06675185466759574 0.23290582088711803 0.27509623860570664
-3.198220084747892 0.2 -2.9011247829994757 0.2 lambertian 0.04512962303894494 0.03443709423877441 0.07416088379192874
-3.8486323807228247 0.2 -1.461246525246842 0.2 lambertian 0.3233649410068204 0.22223725402083921 0.04539686767434327
-3.487650934517091 0.2 -0.5656031063418518 0.2 metal 0.7568789576747583 0.6059372396827287 0.9814845354603456 0.20998442387962268
-3.573723050678408 0.2 0.7710079774865676 0.2 lambertian 0.2733101908573477 0.05637669846402357 0.2361483147318059
-3.3922535173326196 0.2 1.2872963133943378 0.2 lambertian 0.5684738574428718 0.30389724636246956 0.5259162443183178
-3.151295439984168 0.2 2.687035025089707 0.2 lambertian 0.21779170962935634 0.15955742584810134 0.1108203948688063
-3.388835444432921 0.2 3.174552689227414 0.2 lambertian 0.4488218195810427 0.16408150544341465 0.09068007996678375
-3.9263582908151964 0.2 4.412194659693857 0.2 lambertian 0.22709687918601443 0.6020366598327853 0.24084536887403507
-3.5699331066848012 0.2 5.684979260265849 0.2 lambertian 0.06489212498449715 0.3327336420820041 0.7429942149639064
-3.824880095017674 0.2 6.307509762011824 0.2 lambertian 0.35133103622225736 0.08747391008028843 0.2887061965988784
-3.9783066238500786 0.2 7.303821250427156 0.2 dielectric 1.5
-3.8576537877143755 0.2 8.207080266413033 0.2 lambertian 0.06768009710262447 0.16578110546732944 0.4010013268535629
-3.5105785076013536 0.2 9.680443280847332 0.2 lambertian 0.6182739557303453 0.1733225302762436 0.025668287100959156
-3.235438616933607 0.2 10.699757435561223 0.2 metal 0.5879727918712445 0.8973672215589628 0.5770977816807581 0.4918121073943732
-2.169514225935663 0.2 -10.776523822591681 0.2 lambertian 0.24958334013442718 0.23804405224607336 0.24834275784244436
-2.5982035823190817 0.2 -9.635429121499124 0.2 lambertian 0.1289109489901255 0.27623019525397585 0.5756123602692373
-2.6525820186395133 0.2 -8.200380421040355 0.2 lambertian 0.28760341565201364 0.5080440942010347 0.02712559236253435
-2.734799772152289 0.2 -7.2504262694308945 0.2 lambertian 0.12315381262462215 0.19295518963617295 0.45691925304217845
-2.871450454814322 0.2 -6.128545830850294 0.2 lambertian 0.7193513378400516 0.22878017362752734 0.256893222143525
-2.6414999036839593 0.2 -5.527982662017979 0.2 lambertian 0.05144817865147709 0.968999380963609 0.007727575312720224
-2.778742990245927 0.2 -4.502421243205914 0.2 lambertian 0.043301239061416495 0.37539991246706206 0.7355082053348496
-2.2440523403153376 0.2 -3.9283816146108057 0.2 lambertian 0.08507152452026115 0.48130999033244976 0.7204611208935896
-2.7869841281452428 0.2 -2.4904138570880696 0.2 lambertian 0.575269691834566 0.0359212259645599 0.1277649311536388
-2.6547922321773534 0.2 -1.9242783385886422 0.2 lambertian 0.17756419061220935 0.025376691353269046 0.08498092367272053
-2.5274231468254413 0.2 -0.34240458884490066 0.2 lambertian 0.4959406274057676 0.05553810121386371 0.2854543669080041
-2.9225434347504784 0.2 0.2613231192808368 0.2 lambertian 0.22307261328573516 0.15293640499346997 0.0002323519157037565
-2.1088896692846513 0.2 1.5096917171275963 0.2 lambertian 0.4120773802946322 0.37955175711540257 0.24690545289582924
-2.5129039760770073 0.2 2.587408178923614 0.2 metal 0.691614249590022 0.8408980274283435 0.8493836793085787 0.03231315903581944
-2.6323015796487317 0.2 3.740456798428321 0.2 lambertian 0.6389571552960844 0.08241083102236406 3.980739766244368e-06
-2.2521760402867157 0.2 4.7461124355275635 0.2 lambertian 0.09636554118244772 0.40306898473995584 0.35066269937512773
-2.6550735816620357 0.2 5.703315564611844 0.2 lambertian 0.3384599257464383 0.5166602457735826 0.08050725134548525
-2.522745842934362 0.2 6.391420379328757 0.2 lambertian 0.0662195182154719 0.12823848558005765 0.032554339363537646
-2.741106214071391 0.2 7.856295558150008 0.2 lambertian 0.11875998617656129 0.12181377905289849 0.6750959579816075
-2.7296713758709172 0.2 8.217597107292914 0.2 lambertian 0.18326773723319612 0.7744332491096831 0.1391815657843022
-2.383303320983981 0.2 9.643254724652381 0.2 lambertian 0.07517687762316727 0.754248393096927 0.5246260312524476
-2.85439583700761 0.2 10.674463871666678 0.2 lambertian 0.35655000338654347 0.14613457569457391 0.06967370748416843
-1.4472514978662048 0.2 -10.87811006451236 0.2 lambertian 0.08830075844341166 0.3243487957398007 0.2455441926130615
-1.7031931045254989 0.2 -9.745674507006818 0.2 lambertian 0.0887909049838761 0.32714100314063477 0.07138290374081646
-1.5392489179492708 0.2 -8.918203189788745 0.2 metal 0.7280764544477792 0.9569245218797511 0.8905124226107928 0.03592847684801237
-1.5060048964637325 0.2 -7.7247372486497925 0.2 lambertian 0.3769674195832392 0.15223737069247426 0.016402261205425823
-1.9870689306743878 0.2 -6.9323841715667776 0.2 metal 0.9640133401791615 0.6365788481211299 0.7117995622566933 0.2786077035829749
-1.9548843805038538 0.2 -5.512865541014021 0.2 lambertian 0.08387713368436762 7.797114449826149e-05 0.0034738705888455045
-1.4865061125311727 0.2 -4.878014658841544 0.2 lambertian 0.10503311858845736 0.39713662583652665 0.2736397208775031
-1.72445805956584 0.2 -3.810369516066292 0.2 lambertian 0.23002605752002683 0.6972730463253936 0.4790889363514159
-1.1296568395496167 0.2 -2.4253279605488185 0.2 lambertian 0.44842340355309157 0.08344155400925105 0.25126129568786454
-1.4377985477917914 0.2 -1.2106497580563365 0.2 lambertian 0.41590615784762036 0.36245382296751694 0.26671111938076353
-1.5916963534300024 0.2 -0.9533749091902892 0.2 lambertian 0.25068255006314427 0.22788121882934206 0.347828393110567
-1.607833128752333 0.2 0.30685210818508285 0.2 lambertian 0.8463311906163192 0.12771102546687815 0.5538684287556521
-1.418473193422329 0.2 1.2368084324068043 0.2 lambertian 0.02870780329803281 0.1119060254893636 0.015409184189221808
-1.9265335689613843 0.2 2.7972465347862494 0.2 metal 0.615200388646924 0.9302283239550302 0.6393804803737424 0.05970075007835923
-1.6245533406594597 0.2 3.866262825491042 0.2 lambertian 0.15138031092289653 0.7340340736406115 0.10850743074125528
-1.723087852637298 0.2 4.228739296329678 0.2 lambertian 0.24680615992875973 0.38450621406086566 0.11978417665246792
-1.7946101713547427 0.2 5.340440596232735 0.2 lambertian 0.7152817995332829 0.217410341745957 0.003947391929533309
-1.241845338695587 0.2 6.305923089785249 0.2 lambertian 0.37828444349015766 0.10537013172475894 0.2589883082819285
-1.8751195052017082 0.2 7.47561184367336 0.2 metal 0.634743571442435 0.5319321515200656 0.6278205038631341 0.35292251637787575
-1.8438052605465405 0.2 8.340106912011201 0.2 lambertian 0.060217748631193634 0.1105513931354181 0.26010683148557084
-1.415215069276508 0.2 9.625996063319352 0.2 lambertian 0.18261610674341566 0.2510922199436231 0.36404366607159944
-1.1791616281671575 0.2 10.16047164882278 0.2 lambertian 0.4581505607029026 0.05094901868153933 0.3957531685086262
-0.28843172285623464 0.2 -10.605454323212962 0.2 metal 0.937826195934296 0.8069467203279821 0.6089728365705567 0.00535461097973533
-0.37804337494206663 0.2 -9.684394063836521 0.2 lambertian 0.0691729505311303 0.237096579658756 0.024995660139561202
-0.14312414135689921 0.2 -8.377834227988286 0.2 lambertian 0.6521556352418115 0.1838617826239222 0.01086370891405603
-0.8329917600248636 0.2 -7.824289003632569 0.2 lambertian 0.1921923799343558 0.05416275092909985 0.09898481936340241
-0.8736405665811582 0.2 -6.8973044816394475 0.2 lambertian 0.43780122353262363 0.08088525850045036 0.0773606934184073
-0.4784523387333163 0.2 -5.387622760482495 0.2 lambertian 0.18974631851577095 0.03827786536967382 0.010076745467429921
-0.9733431456557555 0.2 -4.45686123567897 0.2 lambertian 0.05930254463790919 0.13834081557593703 0.08118124720725725
-0.33811255253192096 0.2 -3.461370346007713 0.2 lambertian 0.21589276512876368 0.11262446532728888 0.19020892926010538
-0.9204083826089945 0.2 -2.125204115767816 0.2 lambertian 0.24627396816145536 0.7366953226718623 0.8096746920932524
-0.5191516166870024 0.2 -1.7430708330249554 0.2 metal 0.7656761593503143 0.5219479639576372 0.7351769528184151 0.23847168766961913
-0.1360949947512855 0.2 -0.964934702134455 0.2 metal 0.5575457084456462 0.7948002754286843 0.7761424667052808 0.327774348092073
-0.43809035015027264 0.2 0.5981819192525576 0.2 lambertian 0.25558865483220755 0.2354929457811565 0.00020466324076923376
-0.9771725859788081 0.2 1.1666194918213593 0.2 lambertian 0.6793094788777524 0.1779376229698187 0.001927309998506747
-0.6514222614138121 0.2 2.663469801222945 0.2 metal 0.9790424828636662 0.5487621145218139 0.6527125724241596 0.1126591227871046
-0.39058000391960757 0.2 3.521309323637052 0.2 lambertian 0.061623332002949185 0.2483316354115467 0.2692866678509271
-0.29098718950317515 0.2 4.544269276259661 0.2 lambertian 0.4343852926083847 0.0855405162560912 0.42458858282456674
-0.5013465273923169 0.2 5.290347346312753 0.2 lambertian 0.9261201842924078 0.16354134114923896 0.29429312225049237
-0.7998124420193824 0.2 6.525937224831514 0.2 lambertian 0.36051448597195235 0.05842084423112812 0.37833670849686263
-0.4998229655816382 0.2 7.610137567748349 0.2 lambertian 0.16717538310944627 0.6651063329724046 0.019917240814078797
-0.6600424399052028 0.2 8.514818601294241 0.2 lambertian 0.15523990973631077 0.050248050413684076 0.3676163646524314
-0.9478987851462584 0.2 9.140807235955572 0.2 lambertian 0.021988910271499563 0.25654069432348364 0.4685908344300828
-0.5683244847297761 0.2 10.80237037258613 0.2 lambertian 0.060395998834881975 0.002332286452842373 0.13211648095224784
0.425297931374824 0.2 -10.147112372298535 0.2 metal 0.7616189542786602 0.9212677445713102 0.795467970871846 0.08805398954985927
0.002654223560970037 0.2 -9.556293131290623 0.2 lambertian 0.08155546703580545 0.056581036377920335 0.3202258407076419
0.33245454694131177 0.2 -8.129235896768272 0.2 lambertian 0.6120495634602924 0.8838050682762464 0.06868132116898207
0.5582136201456699 0.2 -7.949179598396121 0.2 lambertian 0.0037932513236647145 0.09996000018540682 0.1701664678842114
0.14613208598795688 0.2 -6.900518132100029 0.2 lambertian 6.211768300018293e-05 0.2643196247656171 0.3498021208715277
0.8894409731254664 0.2 -5.136657031465737 0.2 dielectric 1.5
0.09074906682136163 0.2 -4.510981812976038 0.2 lambertian 0.015583291037779272 0.01090941144574729 0.11506708892257823
0.18858719979716587 0.2 -3.600161170955422 0.2 lambertian 0.06831062719665484 0.07759290846470879 0.6410201211761007
0.7800635947017887 0.2 -2.468014955269346 0.2 lambertian 0.04032071852006053 0.7361036302776341 0.4738560803003691
0.6659657616211829 0.2 -1.7567457715274362 0.2 lambertian 0.12768703970054537 0.047598582714696705 0.2669422295403119
0.3244037486444042 0.2 -0.21979783468182656 0.2 lambertian 0.09037703779587357 0.02961317527126409 0.44174115869503944
0.8937325894688327 0.2 0.4766437989372162 0.2 metal 0.944006781035641 0.9177791685354553 0.9736547475568048 0.2873670920467127
0.7769451181971371 0.2 1.7662319664468282 0.2 metal 0.7077215775852119 0.7221936152995503 0.7938027806992148 0.08374852962977725
0.2207992665922718 0.2 2.023937413973982 0.2 lambertian 0.359604014770926 0.32984628102995034 0.3497497851155223
0.7903200880836356 0.2 3.5631415091874983 0.2 metal 0.9408382318450883 0.7864040983113072 0.9449215493136771 0.4379290287043201
0.08424172923260302 0.2 4.564865417673356 0.2 lambertian 0.02096153046230722 0.07434328126560229 0.18531278076307164
0.4597046521789181 0.2 5.236930849808666 0.2 lambertian 0.05992875692775653 0.03803611250226104 0.92170644292781
0.8442946581712114 0.2 6.304155467557643 0.2 lambertian 0.16899764657839722 0.018152426779636285 0.25997531980768707
0.000187083396038501 0.2 7.388254090689871 0.2 lambertian 0.02625738270429569 0.05775708770667092 0.4434159858105546
0.5299957252310037 0.2 8.026916605246392 0.2 lambertian 0.015171417578189446 0.21937304644870587 0.49731774734258966
0.5809728625937052 0.2 9.569786145935563 0.2 lambertian 0.11331120286706067 0.5043827512951845 0.042746476551231004
0.2736803629646882 0.2 10.147449083336372 0.2 lambertian 0.030931889938521882 0.5908629904221828 0.5489162935052103
1.7290460972153918 0.2 -10.372346575144105 0.2 lambertian 0.3615024486673662 0.1620115483687065 0.46982807477686034
1.427772931637896 0.2 -9.853082691397592 0.2 lambertian 0.49556486311354647 0.7702496793745962 0.9255681129850801
1.2434830901381362 0.2 -8.274680005936036 0.2 lambertian 0.14978490235644482 0.021323996733888424 0.24459255559770832
1.8520696031904422 0.2 -7.275709760160345 0.2 lambertian 0.18853593886793737 0.2721781736540291 0.0038940600471485385
1.642974237972457 0.2 -6.380496369077925 0.2 lambertian 0.04543018400614351 0.029525244355117893 0.10793582440283672
1.431336375828705 0.2 -5.620889575494738 0.2 lambertian 0.42568344374876627 0.22864236883986805 0.26395269421054973
1.0285208782343171 0.2 -4.461956099103482 0.2 lambertian 0.17189902740711419 0.039535644134939804 0.1329496564776461
1.775164259416621 0.2 -3.803377205893082 0.2 lambertian 0.011840711896615815 0.3268344222837944 0.17890186818822418
1.4510015469698625 0.2 -2.3651828399532118 0.2 lambertian 0.4472268640648185 0.46317569932248565 0.09096286495532088
1.8475300829099743 0.2 -1.4729603172438084 0.2 lambertian 0.16109265715056 0.14251202112014433 0.23149858282657557
1.5887460376109317 0.2 -0.26850511222416473 0.2 metal 0.9184383438202965 0.8007012587211177 0.828671093451042 0.45335998534717437
1.4521210570894092 0.2 0.7870503680133342 0.2 lambertian 0.3542981435141781 0.004457246442037732 0.5927898152082787
1.633749419168861 0.2 1.339207809641878 0.2 lambertian 0.17025100308580018 0.4641954741844371 0.09173134217442139
1.8042829878261477 0.2 2.0406918752350482 0.2 lambertian 0.3889065772008421 0.06495111408943527 0.33784737375819385
1.7153298106173254 0.2 3.6424873012426926 0.2 lambertian 0.08039935610103902 0.1901598757137569 0.48638948790031744
1.551005275034858 0.2 4.449293587296992 0.2 lambertian 0.030095252886622258 0.5010493535663957 0.3069894112312314
1.0204093848304725 0.2 5.155613996068767 0.2 metal 0.6777521049261271 0.713400253320124 0.5055493016975598 0.17889960882863876
1.3418407050489973 0.2 6.641483357140518 0.2 lambertian 0.5502257456396764 0.8938934748402888 0.3045699460015325
1.1331782184952481 0.2 7.637929708515563 0.2 lambertian 0.531145519008182 0.22077722577214373 0.21494179102715283
1.0644326792312584 0.2 8.652268311450507 0.2 lambertian 0.3092021393922668 0.0557675468708725 0.051279444535059795
1.7080591209119564 0.2 9.32884123006905 0.2 lambertian 0.08415308270433464 0.1990211428572434 0.03616732886683185
1.47470229298306 0.2 10.60540497182363 0.2 lambertian 0.024287471985730936 0.22074108239694087 0.12540543145272445
2.1373375770136107 0.2 -10.782358947509286 0.2 lambertian 0.3221186940078328 0.446033854732458 0.3252271237629225
2.8202517907964726 0.2 -9.904341924439231 0.2 lambertian 0.11638125748567624 0.11156607260348582 0.2983169063785237
2.097887182415401 0.2 -8.305024966720278 0.2 lambertian 0.2622986066830082 0.00531542468450148 0.06054438677630602
2.5530359968730507 0.2 -7.658323012867407 0.2 lambertian 0.03279133696534571 0.09790927313922897 0.3036598686376758
2.813616488290654 0.2 -6.799445226413994 0.2 metal 0.6454186994361464 0.8421087030119979 0.9503675791441473 0.36036662330904834
2.0529429978576976 0.2 -5.24221748479608 0.2 lambertian 0.9532977778102509 0.4224346446794586 0.2739175795961438
2.455691432429857 0.2 -4.500510060068563 0.2 metal 0.5134918362281857 0.7955647671335561 0.7615446060360598 0.3870480001003989
2.3662053490835513 0.2 -3.6245684540885232 0.2 lambertian 0.5631672610595146 0.5396231156769415 0.6245503795986992
2.4455390002096267 0.2 -2.9829390308601633 0.2 metal 0.8102666227242221 0.8224556471001001 0.6854548374778331 0.3187510686274334
2.4728741959674116 0.2 -1.7866707855699786 0.2 lambertian 0.5126900432361745 0.017471218812810215 0.5533502952627123
2.4583148014494243 0.2 -0.8760985862456917 0.2 dielectric 1.5
2.805000085832004 0.2 0.4775651940045463 0.2 lambertian 0.6002338269100767 0.42771288775752414 0.9081371907129174
2.7587870357937936 0.2 1.5677465506506532 0.2 lambertian 0.3300963024252785 0.2540558477991146 0.006240240596811371
2.480866080181812 0.2 2.2063860194601914 0.2 lambertian 0.3859544025966459 0.15268461999350552 0.889808844116505
2.1026022839884098 0.2 3.679568761574583 0.2 lambertian 0.31925730872414976 0.3633741361989311 0.37827586828773624
2.6494757640304525 0.2 4.790306979003275 0.2 lambertian 0.24651976037623652 0.13191874163603262 0.4060833124801504
2.5877846256138577 0.2 5.007417732974698 0.2 lambertian 0.06083001379001484 0.27117405159039226 0.7911682382237417
2.410400465070027 0.2 6.3825213782538945 0.2 lambertian 0.7565129048375557 0.37488905381580073 0.12459584897531295
2.7271860168751356 0.2 7.496798941338692 0.2 dielectric 1.5
2.003652965014389 0.2 8.197958014781458 0.2 lambertian 0.22143054254119618 0.4729749732742723 0.408339677794234
2.1999463577301785 0.2 9.46939166102202 0.2 lambertian 0.06551552732667427 0.12223496762001625 0.3678557566285831
2.859833101351103 0.2 10.69502753355604 0.2 lambertian 0.2714899319624975 0.149471282382151 0.3661535809829596
3.3204791053547655 0.2 -10.938863997110872 0.2 metal 0.9368572344535919 0.7183706465743936 0.5534175025512376 0.28392819853828855
3.2059472515562937 0.2 -9.465146977800126 0.2 lambertian 0.11620727646344144 0.5634761282243654 0.09674860933761349
3.6654390605940765 0.2 -8.833846923525517 0.2 lambertian 0.38188757852339056 0.015969351631635893 0.005561916905775781
3.0996258354557695 0.2 -7.205577089702334 0.2 lambertian 0.347915028010283 0.3588847860808424 0.45348778891865094
3.3253368910389796 0.2 -6.762419123066507 0.2 lambertian 0.235576862392996 0.15905114269753812 0.2611025393976374
3.3791082624885878 0.2 -5.245946339572894 0.2 lambertian 0.16970630597937045 0.10013046168289892 0.024281924640534643
3.067987452249208 0.2 -4.128917661821952 0.2 lambertian 0.09952385566679874 0.2183214776648426 0.22642216572817123
3.45813959630215 0.2 -3.2883754764446333 0.2 lambertian 0.3458516804966269 0.27062887411882763 0.45135042253960506
3.539441922203556 0.2 -2.5628775655922036 0.2 metal 0.8090506947614131 0.6540314597097996 0.8400120265737339 0.35738548123246716
3.4150595297598074 0.2 -1.5569916302531774 0.2 lambertian 0.5164230285077678 0.21133477173553522 0.37655350747429805
3.031423787912198 0.2 -0.37066001427865125 0.2 lambertian 0.0576512952728661 0.11746752365390908 0.17009458798890975
3.1147591237374357 0.2 1.6755904594041815 0.2 lambertian 0.028854030304463003 0.08393269995959912 0.2954422643197167
3.2051275751087465 0.2 2.120057079436419 0.2 lambertian 0.12637917742515775 0.48355352852539035 0.22839092242371453
3.292569390737309 0.2 3.787328537254742 0.2 metal 0.6231464481739698 0.881882753970636 0.7585576172502514 0.08962420086165712
3.719916534229164 0.2 4.447825715598976 0.2 lambertian 0.7000966412052093 0.3544774794249602 0.044049404479668326
3.0594187699668467 0.2 5.593489297477348 0.2 lambertian 0.0523950105763789 0.2672415002581132 0.19840166041611146
3.2206936426389303 0.2 6.177219736447298 0.2 lambertian 0.032574722016771494 0.9515218377646409 0.44094048709784917
3.240549434553687 0.2 7.523195319262086 0.2 lambertian 0.13563814353869943 0.39774450060880717 0.106196675261957
3.8021134836828776 0.2 8.769462068978013 0.2 lambertian 0.21213593989048554 0.6569110761264508 0.14597227342617536
3.1117441375663257 0.2 9.862271713834886 0.2 lambertian 0.06165109158563974 0.17410302738225578 0.0017276238128187838
3.1997490677508127 0.2 10.065516501608851 0.2 lambertian 0.01895314927486415 0.39573672019142814 0.027471267782184654
4.7381180087413215 0.2 -10.613544959558023 0.2 lambertian 0.1251933305465235 0.3817250157863891 0.16418483104041331
4.6461670533123005 0.2 -9.917441892820591 0.2 lambertian 0.40467028994163995 0.19518975487043613 0.22292836832257448
4.217638290547863 0.2 -8.688423093311146 0.2 lambertian 0.10179781777855905 0.0186857319921882 0.3210626922252428
4.4622412041218205 0.2 -7.113979030813475 0.2 lambertian 0.08399045274888925 0.10341946019090036 0.000582313516719917
4.1301850582646304 0.2 -6.294985222961912 0.2 lambertian 0.271659704651651 0.3049812164912958 0.11397765941785608
4.770939919789612 0.2 -5.67889307709608 0.2 lambertian 0.13654560777394079 0.05030919140734334 0.5778596240775771
4.32573951915189 0.2 -4.603080145153063 0.2 lambertian 0.08444514987081352 0.3500538635383918 0.5379246896432257
4.8954633708462225 0.2 -3.8406619412047 0.2 lambertian 0.004153082714815986 0.4500961284620198 0.14674770505811188
4.527713804568162 0.2 -2.539848927289566 0.2 lambertian 0.2934799253397513 0.11478941736872876 0.08025349505194343
4.502236082617414 0.2 -1.652802700781021 0.2 lambertian 0.020203166606737676 0.21677018307295529 0.052876549011425106
4.12117840796123 0.2 -0.906501533924509 0.2 metal 0.7847338760632235 0.9175637057148255 0.6205050660734654 0.09919094456891869
4.511220415107452 0.2 1.5061663130803198 0.2 lambertian 0.10626336671088991 0.07572387242297676 0.17984082917701208
4.224228531101102 0.2 2.7710104613902233 0.2 lambertian 0.008264352393588834 0.09344972857221842 0.08956444252159998
4.450165230762624 0.2 3.0897943658976237 0.2 lambertian 0.41440632663456123 0.4671891711468705 0.03194377840779111
4.87816313673747 0.2 4.216143789656356 0.2 lambertian 0.7896061830672917 0.24938341279699594 0.6739910479878519
4.3923790759396315 0.2 5.667872799194415 0.2 lambertian 0.02531620065773022 0.7699981673786972 0.6650738487252074
4.779900992343572 0.2 6.584947695489674 0.2 lambertian 0.13674936174246577 0.004874076984206013 0.2586095757833171
4.419421543693564 0.2 7.356801909873061 0.2 lambertian 0.07740910037818895 0.23326351879195178 0.35149702815925704
4.714648125039586 0.2 8.78512276707312 0.2 metal 0.8679296736822423 0.8768361478811568 0.6586289817799081 0.39629531225830483
4.190947499641411 0.2 9.84912918346514 0.2 lambertian 0.6844739774492801 0.5199399616302557 0.5483577224589278
4.446857122158784 0.2 10.330634565452915 0.2 lambertian 0.27296730153542004 0.07441609570347588 0.10616338290555294
5.6688666512154064 0.2 -10.14096928009523 0.2 metal 0.9730325263257209 0.9410258464579278 0.8655235743125644 0.06125611227010275
5.510505102215022 0.2 -9.570513481765012 0.2 metal 0.5015636605335907 0.7096342787377887 0.5399322508865434 0.30121084976896356
5.16430412217041 0.2 -8.108590931981107 0.2 lambertian 0.2840879463260907 0.01762635173775311 0.27035125560657286
5.879533285787389 0.2 -7.379995124240778 0.2 lambertian 0.12410694628106331 0.0022860411553526864 0.10677145695122202
5.09094455618086 0.2 -6.197749561113777 0.2 lambertian 0.17389698828529007 0.6484829248674514 0.005384315919638166
5.147282398733083 0.2 -5.9705801560654415 0.2 lambertian 0.4234893684583371 0.2988192410044054 0.3764566886889327
5.5127805738919795 0.2 -4.8542345120007155 0.2 lambertian 0.23653921882226647 0.003813308230753085 0.4899504298196286
5.746536438608001 0.2 -3.8724073124844662 0.2 lambertian 0.14389893685589797 0.23095539628226128 0.023546873267785467
5.423209239076058 0.2 -2.126998121629808 0.2 lambertian 0.010885297902788152 0.38532359972620445 0.11353675086298429
5.068521316507681 0.2 -1.29738140940333 0.2 metal 0.9406559431397693 0.8734771668297561 0.8046917175161385 0.21636762744832588
5.22645521871251 0.2 -0.14083947573351885 0.2 lambertian 0.07777142975720677 0.3281383925077935 0.3611373153101926
5.370974753003206 0.2 0.7880996156888328 0.2 lambertian 0.011486371612490887 0.2124691589847429 0.3341503564058333
5.871019505994287 0.2 1.02587168780619 0.2 lambertian 0.7240652411091663 0.056321585492816864 0.03548829762663252
5.802294117732449 0.2 2.191760961001985 0.2 metal 0.8884253542449166 0.7380747125109195 0.8474940544943044 0.3663959546303427
5.4398685224090295 0.2 3.0695165359953935 0.2 lambertian 0.3108140044657291 0.13656008500273312 0.18820030665613663
5.128236105424727 0.2 4.844118959576425 0.2 lambertian 0.2705695649516646 0.12010954049665076 0.2984336131966083
5.127631937805495 0.2 5.655583176394955 0.2 lambertian 0.20830084349946998 0.17944888498316075 0.22509930651809432
5.403651060740641 0.2 6.166294181716743 0.2 lambertian 0.2384333605489329 0.023149041689659273 0.061140133005577975
5.361385405904402 0.2 7.682579156045275 0.2 dielectric 1.5
5.574516646124511 0.2 8.54122619731137 0.2 metal 0.8800416342367595 0.8836144015845621 0.9214119947280096 0.20558922373104505
5.503619320773932 0.2 9.648630894064388 0.2 lambertian 0.0780796931330369 0.1375085199136851 0.48941310992953685
5.261623398238992 0.2 10.542994031178676 0.2 lambertian 0.07006327006508284 0.6635354299792414 0.26348609718489896
6.5428060669891694 0.2 -10.524415392075129 0.2 lambertian 0.4921914466877254 0.07107960977414782 0.48299054036689765
6.836153690148331 0.2 -9.487857865706596 0.2 lambertian 0.1315726425412507 0.20253938026359122 0.21278154085550618
6.353845010360579 0.2 -8.330626178479402 0.2 dielectric 1.5
6.340994418779126 0.2 -7.323625148392383 0.2 lambertian 0.16852246726206907 0.3012366985798947 0.20909996049392726
6.597990010767891 0.2 -6.825299075259452 0.2 lambertian 0.05978111562143687 0.13582978798654827 0.041887572501589705
6.213158211201329 0.2 -5.9116427423090085 0.2 metal 0.9958072523207414 0.9478015700391076 0.965706502428925 0.42064045176994613
6.378000941497284 0.2 -4.719854899999669 0.2 lambertian 0.3023302463382505 0.2470100114345763 0.2132601846714346
6.095101348166092 0.2 -3.1025665120849677 0.2 lambertian 0.3668874705290986 0.43848183393429097 0.5503382057447653
6.011431016316669 0.2 -2.6057553285836947 0.2 lambertian 0.8923262406138412 0.44517363532857457 0.24979836401032698
6.348400436573122 0.2 -1.3620559935099377 0.2 lambertian 0.04248199760967911 0.04417087723224476 0.6879549913478308
6.809253826365195 0.2 -0.5137341045414039 0.2 lambertian 0.5302697086728226 0.38499880259574737 0.1814556804462196
6.661338381872518 0.2 0.2857563945802855 0.2 lambertian 0.8796131937962598 0.5858794289480748 0.32175009212192196
6.275461493379962 0.2 1.218896846979364 0.2 lambertian 0.32626709862925185 0.37047029612541854 0.7588010948204301
6.302967254868477 0.2 2.0924708221499255 0.2 lambertian 0.10922225141578923 0.16842642958438486 0.381897002375912
6.694268422400477 0.2 3.086490547230136 0.2 lambertian 0.05055340073069939 0.0986956891595976 0.06661060251904961
6.591631001633699 0.2 4.1442261510497005 0.2 metal 0.8460515183005017 0.8316025356056984 0.8239399135198324 0.23927139554002697
6.292957481268792 0.2 5.507993739393632 0.2 lambertian 0.6099125725679986 0.004867196291690556 0.4771072190969175
6.140607005869128 0.2 6.258247899525597 0.2 lambertian 0.36010700491436687 0.5349472833359037 0.08394358699297058
6.754978183615803 0.2 7.561708879726068 0.2 lambertian 0.43378904369793614 0.20115078491231095 0.27849053913845234
6.749959468509829 0.2 8.423010273592881 0.2 lambertian 0.3034697867587627 0.7747908140254783 0.061611233715431715
6.774200249890597 0.2 9.600942748596305 0.2 lambertian 0.12471692594468942 0.24608465199257998 0.6792987005409232
6.139877027030183 0.2 10.297588373435014 0.2 lambertian 0.4328095512899722 0.24750222978358544 0.6002129386114028
7.4664880660782815 0.2 -10.776935292366348 0.2 lambertian 0.38714111424010234 0.12825527131703712 0.04813183858736612
7.075808746923632 0.2 -9.919137525931918 0.2 dielectric 1.5
7.764298405588315 0.2 -8.699223528244225 0.2 lambertian 0.3658875808400584 0.059558953421625815 0.027280552181216573
7.536957633054068 0.2 -7.191594833014862 0.2 lambertian 0.012562332132112839 0.32989898987370914 0.324844725329854
7.483011713668702 0.2 -6.132608873223924 0.2 lambertian 0.4797992971097888 0.9291489473148591 0.039697511932618945
7.572481083392493 0.2 -5.630279003778046 0.2 lambertian 0.2796402730063246 0.11048589393935147 0.3544946518443385
7.783554888389617 0.2 -4.411816663034761 0.2 lambertian 0.0160005879308053 0.3903338387711416 0.2882361107485688
7.305136512313697 0.2 -3.8596496556072695 0.2 lambertian 0.039784912370799244 0.2675466499426297 0.603532799121663
7.855343880317392 0.2 -2.5248948375051534 0.2 dielectric 1.5
7.399299946974258 0.2 -1.3825769381057655 0.2 metal 0.6666537933882635 0.8923316992571948 0.6779468882890649 0.061647638298601204
7.593977736333764 0.2 -0.7502968106907606 0.2 lambertian 0.0467013965629607 0.028340342567020504 0.010351673160879897
7.4184614187998426 0.2 0.04221430810126708 0.2 metal 0.6135532435446016 0.79919607557535 0.9109823101975737 0.04374949415140417
7.51680419051331 0.2 1.0797053693728271 0.2 lambertian 0.11790133705571403 0.8266289884643784 0.05307461712337144
7.530794303659628 0.2 2.3719530310577177 0.2 lambertian 0.5796691711254711 0.20398327210692932 0.258797528538576
7.760332981151829 0.2 3.4466359502699957 0.2 lambertian 0.6501325042293203 0.0007601896180056992 0.4181253294019467
7.760201069933743 0.2 4.6032578254355 0.2 lambertian 0.33872160443775295 0.3308930295078755 0.29932991906138895
7.705290714569364 0.2 5.48831066622716 0.2 lambertian 0.24848082811970712 0.03843715678955834 0.0802056800732731
7.370778149130815 0.2 6.178922814677508 0.2 metal 0.7758608220707741 0.7513121315965562 0.6383638835914502 0.34748643357817843
7.132256716378845 0.2 7.793277986613057 0.2 lambertian 0.02449505284021829 0.06559935060929692 0.6113119508221536
7.8713727024216675 0.2 8.478145517141076 0.2 dielectric 1.5
7.251518829930417 0.2 9.70304782890271 0.2 lambertian 0.4007080727760914 0.18627083446952042 0.20387160974945112
7.23010493384615 0.2 10.00022107180472 0.2 lambertian 0.36478009673695855 0.4280227057987393 0.35122451924427833
8.572222914688393 0.2 -10.22167472527431 0.2 lambertian 0.5190770349713769 0.2757078171035619 0.31188464764149726
8.158915249215607 0.2 -9.379273855471522 0.2 lambertian 0.06382293851912708 0.10131026660664895 0.11759431153847652
8.696101252474485 0.2 -8.246409486696008 0.2 lambertian 0.21027859785140499 0.11397533947274463 0.049019945705486186
8.709456441563075 0.2 -7.630314048547417 0.2 lambertian 0.22058944910075207 0.0111082208539286 0.24330928317252137
8.810333065872838 0.2 -6.659822395816662 0.2 dielectric 1.5
8.571547728902482 0.2 -5.727837693220955 0.2 lambertian 0.04671752402371728 0.05783481082349008 0.44977991644224463
8.790173954907939 0.2 -4.440171718608326 0.2 lambertian 0.1551671575397384 0.016947731842738328 0.005324895329287136
8.252946317852551 0.2 -3.4956808585612364 0.2 lambertian 0.21386705696942998 0.0701445950114112 0.28684431697671997
8.696420440828382 0.2 -2.5525633236633167 0.2 lambertian 0.15806980194883588 0.48057073270078576 0.598272444944713
8.201915958988112 0.2 -1.1192884098493294 0.2 lambertian 0.3890406619782813 0.03365525479482393 0.07669470409907783
8.496170983511703 0.2 -0.9906724930245133 0.2 metal 0.531592170545467 0.8123367727388542 0.8015523861579241 0.28889703215216744
8.184616753975916 0.2 0.5771365625615056 0.2 lambertian 0.3691896600093748 0.3318575789972807 0.031988225412253664
8.261673716451163 0.2 1.0377921030820523 0.2 lambertian 0.563719267886951 0.8534017046115162 0.15568522658326606
8.438120550273364 0.2 2.226807522736445 0.2 lambertian 0.5816929400672759 0.4515858379022953 0.20253864086768325
8.556403674356414 0.2 3.047073855420675 0.2 lambertian 0.12312893077594653 0.610009780513831 0.3780660193454446
8.037055566365025 0.2 4.4164698726191105 0.2 lambertian 0.39882527484797314 0.04872966016042411 0.4058567217849119
8.03019003725022 0.2 5.853532757536263 0.2 lambertian 0.29560404438756177 0.21835398309370577 0.11528160745228581
8.65942467659867 0.2 6.695401537490644 0.2 lambertian 0.7929967200201835 0.736428849448417 0.17806197336567514
8.29052449357009 0.2 7.194022285130163 0.2 lambertian 0.11297390372265956 0.5527309104328667 0.1235709545381852
8.690353228766101 0.2 8.865941924982748 0.2 lambertian 0.37895731228122037 0.4627812444099714 0.16763868650064903
8.172502079951943 0.2 9.883411801923222 0.2 lambertian 0.8605227750014742 0.18349135326276436 0.011154568086031625
8.673290297747714 0.2 10.688009720035865 0.2 lambertian 0.08112779655212105 0.060548601825090684 0.07652844701990874
9.023688877297925 0.2 -10.485863196825552 0.2 lambertian 0.3722191079421156 0.20559073248854942 0.047933679634897905
9.121695624720285 0.2 -9.547422033385214 0.2 lambertian 0.23975027681986105 0.19706329125294533 0.20222936448504594
9.112949775257803 0.2 -8.955252729705412 0.2 lambertian 0.5455790680132558 0.08665392095860058 0.37130469182640335
9.294750086488298 0.2 -7.5822331931517875 0.2 lambertian 0.20681578092533268 0.059783830275784884 0.10055751015029878
9.413406689349584 0.2 -6.205343346384439 0.2 lambertian 0.1464651060469869 0.38763979468745235 0.37728615693233586
9.650989937563585 0.2 -5.580386495392927 0.2 lambertian 0.06856641992377158 0.01059130655638132 0.08527011819920766
9.599921761589137 0.2 -4.978230126562776 0.2 lambertian 0.5260561872087949 0.4014998748079453 0.5598710265874379
9.343209644163753 0.2 -3.4214815442389517 0.2 lambertian 0.054765536406015086 0.6033900844926146 0.026076560346084066
9.591396878142357 0.2 -2.986259570530897 0.2 lambertian 0.01551883629725524 0.024030384485432058 0.024770746303434253
9.598180738026329 0.2 -1.5184709531682754 0.2 lambertian 0.4363119535310539 0.07744841973402854 0.6081937693753112
9.795242169777254 0.2 -0.8898481414394979 0.2 lambertian 0.2982012849271228 0.330847663352314 0.18839565899335994
9.103418488123806 0.2 0.7355763972393038 0.2 lambertian 0.4280897165285163 0.02333149638384981 0.31438676397949455
9.473771473660067 0.2 1.7222577300377484 0.2 metal 0.8156058594483926 0.5366486246563283 0.5514680253095527 0.4660392799040245
9.40944612842105 0.2 2.895324692553943 0.2 lambertian 0.22243861036877646 0.06385154496151896 0.016331482908391367
9.794539400256218 0.2 3.0298590259609575 0.2 lambertian 0.36606645584245306 0.2229627913940056 0.1572803468782194
9.758677277690165 0.2 4.7504975032838335 0.2 lambertian 0.3734376015410009 0.44740954297403923 0.13562719730562636
9.500523107601593 0.2 5.496754204471133 0.2 lambertian 0.44407656260561723 0.12486042918636345 0.43313197227261646
9.244302849835611 0.2 6.085971061427873 0.2 lambertian 0.5048149327599755 0.045357661248072126 0.16539325922604256
9.880209757475766 0.2 7.752784687916373 0.2 metal 0.7632476722570798 0.7149420387702807 0.9882479320721329 0.3767202771449865
9.550461744102265 0.2 8.73481983289327 0.2 lambertian 0.7683169720649474 0.0017131534412836108 0.012412279526642896
9.368789002282123 0.2 9.150814705919778 0.2 lambertian 0.2678491952254823 0.4310800045153683 0.20274887774323164
9.524232084914573 0.2 10.805133010142715 0.2 lambertian 0.045896542663463415 0.008227193897392284 0.3203952304862826
10.59820555967996 0.2 -10.331728564359443 0.2 lambertian 0.3263521177608751 0.35402492433075844 0.037159435157887874
10.31008607723204 0.2 -9.836739265673346 0.2 metal 0.9285733300736139 0.6529422226926125 0.6064751823118038 0.04321391186330703
10.702745810782545 0.2 -8.386837660934448 0.2 lambertian 0.030760784365572724 0.37379321479189215 0.03515416975925329
10.515418608330332 0.2 -7.4451749972278805 0.2 metal 0.764797869344114 0.5311853167773759 0.711390108378092 0.3492753151262072
10.799056104278375 0.2 -6.404690869782937 0.2 lambertian 0.28782435024865155 0.4369839250796454 0.48404474119704244
10.376401867646694 0.2 -5.558317005320739 0.2 lambertian 0.14762564907648165 0.3476099070303786 0.2638127560782404
10.882822765558036 0.2 -4.668172665823585 0.2 lambertian 0.16776924217731612 0.029116276644747974 0.2235236109513207
10.68082706977316 0.2 -3.9579545405211247 0.2 lambertian 0.2534648725284151 0.06919486806640768 0.19686431849101121
10.501418867847725 0.2 -2.5871077691897315 0.2 lambertian 0.08620765418136771 0.3830485099370558 0.06187132824634693
10.842901160415094 0.2 -1.4584038461198983 0.2 lambertian 0.7226753438631436 0.37153845261829993 0.02371445679167334
10.032273403198094 0.2 -0.4956934567050614 0.2 lambertian 0.026955339167196033 0.3268672300570115 0.09116039068131127
10.87600740183333 0.2 0.46557304417414447 0.2 lambertian 0.05045080669491155 0.2907568804226379 0.023021089150744366
10.59153212611071 0.2 1.8992883467634964 0.2 metal 0.6895754089080524 0.9852181258519621 0.9646218043924213 0.448056855302972
10.289914112523865 0.2 2.585097096260158 0.2 lambertian 0.20288435078268324 0.08548061765372897 0.24700173548233198
10.042303437918783 0.2 3.403776879210455 0.2 lambertian 0.1923645531419813 0.46249790676224223 0.3022332839796313
10.368608674822013 0.2 4.6170391980884204 0.2 lambertian 0.2223974455681147 0.16363400522812338 0.28226544534271825
10.84511502679431 0.2 5.697462987814294 0.2 lambertian 0.22103630698620044 0.0017707119432885316 0.051074799382312935
10.84180580331249 0.2 6.227055462441917 0.2 lambertian 0.09270396732666615 0.3926595659414008 0.23234030762624652
10.41475817129488 0.2 7.342063366827891 0.2 lambertian 0.49373035433567325 0.18551784717462297 0.1649034410465902
10.098497138461294 0.2 8.65205840994696 0.2 lambertian 0.11064198121374248 0.005585371581991163 0.5470181310427834
10.895539718827436 0.2 9.117803851573436 0.2 lambertian 0.6271837041712343 0.6703485606241285 1.0486246539935862e-05
10.158975064848935 0.2 10.332302245860713 0.2 lambertian 0.41687596023633533 0.43033986418667264 0.6982855030965925
