# Each line: x y z radius material_type [material parameters]
# For lambertian: x y z radius lambertian r g b
# For metal:      x y z radius metal r g b fuzz
# For dielectric: x y z radius dielectric index

0 1 0 1.0 dielectric 1.5
-4 1 0 1.0 lambertian 0.4 0.2 0.1
4 1 0 1.0 metal 0.7 0.6 0.5 0.0

-10.69254982109628 0.2 -10.53321665402303 0.2 lambertian 0.06991227576071725 0.4213507510076063 0.2947804064690308
-10.696929819820278 0.2 -9.899059194805782 0.2 lambertian 0.022347248989261305 0.4496632852758022 0.2835218038446854
-10.22846567691502 0.2 -8.114407179795606 0.2 lambertian 0.6258103108076067 0.7554243250612072 0.23221557926613295
-10.214478833701154 0.2 -7.447286051112451 0.2 lambertian 0.30268466846043246 0.02225184384361301 0.5877352606724575
-10.75290683306429 0.2 -6.925352625980718 0.2 lambertian 0.03271742126214727 0.00444004773424307 0.7647691621886613
-10.24995540743743 0.2 -5.9108432718560495 0.2 lambertian 0.03007008887363925 0.7113404304326346 0.04662992189464992
-10.774948976078106 0.2 -4.437819672315064 0.2 lambertian 0.4436148100830434 0.12397820225966348 0.45022364209657706
-10.224270787169104 0.2 -3.28104044684133 0.2 lambertian 0.031080670102682027 0.42299378438748664 0.4800801418951813
-10.46660878754581 0.2 -2.1564154006874716 0.2 lambertian 0.10282274989191265 0.7220232367059592 0.5224464319332853
-10.63676165324247 0.2 -1.6510458992363128 0.2 lambertian 0.2527115991806029 0.5721724557480069 0.07287841926857552
-10.275850200117011 0.2 -0.3863120688866717 0.2 lambertian 0.45242394712772455 0.12178080393431964 0.17464430332048037
-10.211627282221201 0.2 0.053438149599517835 0.2 lambertian 0.2895666391625564 0.03442565012962413 0.04163207489603373
-10.358040809717219 0.2 1.4625285182350716 0.2 metal 0.9045397716787749 0.6329081779850259 0.8785067457079566 0.37482371662131087
-10.40807153880658 0.2 2.1065262407547154 0.2 dielectric 1.5
-10.487214318039475 0.2 3.4319261784800377 0.2 dielectric 1.5
-10.385037309808853 0.2 4.746881364198321 0.2 lambertian 0.027274579776809988 0.18820107024869456 0.468296894279551
-10.326895086867438 0.2 5.339754711876735 0.2 lambertian 0.04714592249886154 0.05214761850811795 0.7127606697631736
-10.681296937193714 0.2 6.894344466859286 0.2 lambertian 0.05414768183542767 0.22983302888704354 0.005183153326387112
-10.583709054978874 0.2 7.538120605985421 0.2 metal 0.6786946152359525 0.5819445800843126 0.7249884131621707 0.21294263574555322
-10.667945933038276 0.2 8.041061002925412 0.2 lambertian 0.36725672477000637 0.3039609436294944 0.10210812453913773
-10.810352140972421 0.2 9.720199421008234 0.2 lambertian 0.16949659328955266 0.2202758661929595 0.07630293242437028
-10.434908629829613 0.2 10.165781013125686 0.2 lambertian 0.22640285793377027 0.22048983229071298 0.002584473690681976
-9.311440400930875 0.2 -10.2070671085968 0.2 lambertian 0.158532666263611 0.19455421752676286 0.12113252414692442
-9.628500936944238 0.2 -9.846728353609528 0.2 lambertian 0.7260420711616045 0.014145657093514076 0.13832474940152337
-9.267074905683398 0.2 -8.745341770779927 0.2 lambertian 0.02493701322864544 0.4274091231236766 0.6382645807188738
-9.363547004595738 0.2 -7.176641893628918 0.2 lambertian 0.24567412346503395 0.12946049121827607 0.39791588476366063
-9.775574629301486 0.2 -6.988550564743761 0.2 metal 0.6222334955279295 0.6729709653453573 0.7672335516390082 0.027178645536927393
-9.24446351007764 0.2 -5.694826658266166 0.2 lambertian 0.06925893817496763 0.2969090240351135 0.29141117920792325
-9.40531584927406 0.2 -4.592357948690631 0.2 dielectric 1.5
-9.638716718004302 0.2 -3.995592400681997 0.2 lambertian 0.0805552585084915 0.11154550835012013 0.010190941699922018
-9.102012612088192 0.2 -2.355538840928586 0.2 lambertian 0.07917039662688001 0.004969698625311594 0.529994499446804
-9.835113552480552 0.2 -1.1280749590346488 0.2 lambertian 0.3185630347940052 0.5779122917187876 0.5800371686046756
-9.36039939106419 0.2 -0.21906185588461558 0.2 lambertian 0.12308544665129154 0.1312992429944682 0.24890279237968682
-9.381869555398318 0.2 0.09238337967395359 0.2 lambertian 0.6536660624780029 0.43713305610998715 0.32575084257965864
-9.599918958018186 0.2 1.4420103759810927 0.2 lambertian 0.12925874477674387 0.08691859535171301 0.12756247067221235
-9.447605198200032 0.2 2.3371691107053802 0.2 metal 0.5480535249161481 0.6639984073237633 0.8731176449613023 0.4693912394186637
-9.831905481951047 0.2 3.0970761058763108 0.2 lambertian 0.13552743366198874 0.2311477710618518 0.11599470706383057
-9.287312611534793 0.2 4.262611115637461 0.2 metal 0.8372009496686181 0.7683433692665695 0.7376871460548906 0.29263547457367894
-9.981315785730352 0.2 5.3496543214472 0.2 dielectric 1.5
-9.291325376973354 0.2 6.757675529229141 0.2 lambertian 0.2881300661336334 0.018974615310163596 0.11128193132954033
-9.906377564010466 0.2 7.480229907427876 0.2 lambertian 0.024593520555538623 0.04781889365514781 0.7448197398027833
-9.182642721817247 0.2 8.482543088422114 0.2 lambertian 0.5162475483446471 0.14370468280994225 0.19716377332001955
-9.953277927743601 0.2 9.343755246821418 0.2 lambertian 0.5757272797524012 0.08248986396452639 0.11210595046125559
-9.456944758389408 0.2 10.759445415924944 0.2 lambertian 0.6723082777625246 0.5583963876107431 0.1586682859235301
-8.656607145009525 0.2 -10.944688445127708 0.2 metal 0.7698012558815317 0.9267708777273636 0.8453868559071573 0.23195872929128764
-8.102572065948172 0.2 -9.25993027870406 0.2 lambertian 0.40487274567260867 0.12167000216672777 0.02408772480828087
-8.53297086265361 0.2 -8.859684910499423 0.2 lambertian 0.6519504153114994 0.07239391606243559 0.2684027127342698
-8.425936124435944 0.2 -7.775729922353952 0.2 lambertian 0.4245252939704593 0.41393607404703375 0.1320421114006584
-8.201545417073342 0.2 -6.2578994617418235 0.2 lambertian 0.01784835351584108 0.08255201891680825 0.203927178947163
-8.53489479633361 0.2 -5.309706085354963 0.2 lambertian 0.9128745379826115 0.03246369420483262 0.42995699388947495
-8.680537866709715 0.2 -4.1589994935029555 0.2 lambertian 0.024389702188635273 0.42326218381842223 0.5782700164026138
-8.192311105389335 0.2 -3.8797629065229318 0.2 dielectric 1.5
-8.56246849884198 0.2 -2.6361253010103214 0.2 lambertian 0.2333725268650613 0.002316431454405277 0.13083073077789217
-8.359912190729025 0.2 -1.9347379893112613 0.2 metal 0.6777364137140064 0.7873950018603189 0.7002398687906796 0.21019423396035003
-8.956705050393374 0.2 -0.14658560058275216 0.2 lambertian 0.2491363341199427 0.6287030525963982 0.8250148221082318
-8.526833365151731 0.2 0.3217929260477754 0.2 lambertian 0.4493951590018234 0.5365413988302622 0.004681876779044608
-8.676363001231445 0.2 1.854239842302464 0.2 lambertian 0.054336660561685554 0.14467659508092068 0.8353894163087384
-8.237230952993265 0.2 2.677740511554645 0.2 lambertian 0.3996093298661723 0.06654338007905938 0.00927350119922519
-8.482961783425845 0.2 3.188241266382514 0.2 lambertian 0.08461531640697395 0.277126036858281 0.17218526719485647
-8.31503911625095 0.2 4.854727819860895 0.2 lambertian 0.5774081399277945 0.24486714255286363 0.06682416730784853
-8.235071120056466 0.2 5.561683006968271 0.2 lambertian 0.1112184892763773 0.007111172526081258 0.20029655823738307
-8.258394532229781 0.2 6.6501534350039435 0.2 lambertian 0.055193012563338535 0.1882094119470798 0.03978297249770272
-8.822040408855479 0.2 7.23592999542504 0.2 lambertian 0.03137666898378869 0.04156275014691186 0.06126218578017847
-8.44533087411469 0.2 8.502159253760537 0.2 lambertian 0.07826137589245652 0.07535264139242466 0.20104144925923723
-8.331727392212473 0.2 9.143363606014923 0.2 lambertian 0.15363126691951476 0.08022968774435181 0.4595822726964595
-8.334168129572827 0.2 10.438723496008992 0.2 lambertian 0.019433380786309084 0.06262371296325388 0.5077030056826696
-7.659575826041666 0.2 -10.927598096390767 0.2 lambertian 0.025315731673600326 0.14840906005855495 0.8881286805834316
-7.482318756460798 0.2 -9.504414888934672 0.2 lambertian 0.1842724036964612 0.3061319668299147 0.11876385019152358
-7.642137112778556 0.2 -8.596224262049134 0.2 lambertian 0.1300516598925193 0.4097876465235081 0.09298800520089988
-7.122173275509565 0.2 -7.425820109492267 0.2 lambertian 0.05777651634316693 0.11939504586031197 0.13107404952376125
-7.1603313363939645 0.2 -6.5035033096827215 0.2 lambertian 0.7303269945772279 0.12249519327541401 0.20085666629557594
-7.459484369218079 0.2 -5.468274206269365 0.2 lambertian 0.054599306878498205 0.5896857957690051 0.37124988568404615
-7.767899593734562 0.2 -4.496636769741134 0.2 lambertian 0.1993701081860539 0.15711771337654876 0.07595624900225065
-7.476295000942556 0.2 -3.7795162296113234 0.2 lambertian 0.2841976772659485 0.009171994251075094 0.21661737729763259
-7.626791202585883 0.2 -2.238271956015935 0.2 lambertian 0.27355859172259506 0.1212924152324688 0.06333705947508357
-7.421157936490897 0.2 -1.301649223772025 0.2 metal 0.5793922298437665 0.5401338529951294 0.6194835473819643 0.11092692293059953
-7.964805635017142 0.2 -0.4481736941417822 0.2 lambertian 0.0015378923736289233 0.09305202195384246 0.39444013813621026
-7.732555243144563 0.2 0.3835531782196544 0.2 dielectric 1.5
-7.814320246781692 0.2 1.0152566008538157 0.2 lambertian 0.19121828298439436 0.28640991475341476 0.5841389803968718
-7.14411918148408 0.2 2.096350378602672 0.2 lambertian 0.3386922605959333 0.364184282818602 0.25963294868152315
-7.689283541669937 0.2 3.2129251947089266 0.2 metal 0.9284946232617715 0.7145727302836473 0.7209295934751837 0.30533973896730315
-7.176395630380382 0.2 4.128913721345095 0.2 lambertian 0.52228641798339 0.4454495165686697 0.4920428449916385
-7.102421816214233 0.2 5.742520360195056 0.2 lambertian 0.03103179586228846 0.09725449867785163 0.11163906991629173
-7.617231404554766 0.2 6.663508223023287 0.2 dielectric 1.5
-7.29691463874698 0.2 7.69587223238899 0.2 lambertian 0.1132357153985185 0.5335942613317955 0.12122064628497146
-7.935308317397405 0.2 8.626269462114802 0.2 metal 0.5093108253666017 0.9092283902885461 0.755649291855734 0.3880767518292373
-7.688168232528097 0.2 9.647637472451533 0.2 lambertian 0.35484665910753277 0.017246347021114928 0.5273189329488966
-7.458237542340348 0.2 10.631125938238897 0.2 lambertian 0.06223059604672488 0.013857579400399228 0.32178259205597126
-6.131856742727212 0.2 -10.41452761226114 0.2 metal 0.9411228608992745 0.9350954353827245 0.660046168684238 0.3404903652042324
-6.3743784631485045 0.2 -9.187191449068399 0.2 lambertian 0.3329948494030268 0.08009185690851224 0.008486657957070839
-6.748066774700235 0.2 -8.31202548959774 0.2 dielectric 1.5
-6.901272829909287 0.2 -7.642596805663361 0.2 metal 0.5562741882180642 0.9884284986432926 0.615410217024599 0.07577754206411358
-6.927300882266061 0.2 -6.892349834359049 0.2 metal 0.9983728297889924 0.5441620899305717 0.7477192683481333 0.2425663168327717
-6.803662698485305 0.2 -5.275510802277431 0.2 lambertian 0.12547180908393324 0.08310438114880457 0.010171361753941946
-6.991419363249674 0.2 -4.455810994473872 0.2 metal 0.9612217207233973 0.9049678734861435 0.9086465429222688 0.435447188223194
-6.431981847662065 0.2 -3.9893274942803614 0.2 lambertian 0.035412046976490336 0.09609877070342676 0.0012048016328927121
-6.362799786467425 0.2 -2.815544894080006 0.2 lambertian 0.0021529226176727105 0.03837435655821502 0.03209563168265358
-6.1918376349630435 0.2 -1.6451452769359598 0.2 lambertian 0.024208275614406003 0.17728623880562497 0.03361842743145998
-6.471610530323937 0.2 -0.2743899694600985 0.2 lambertian 0.22329284092754345 0.7746653767374749 0.43176911568997617
-6.228679250422879 0.2 0.6469488475528896 0.2 lambertian 0.01905705405207405 0.09100140997907813 0.17839942694161207
-6.39553074288727 0.2 1.5386327272479778 0.2 lambertian 0.1406920546043501 0.43178233580148834 0.023173121524611175
-6.100931051758172 0.2 2.6225692104198988 0.2 metal 0.5045653068758993 0.6685982089173605 0.608009612879186 0.06638252189487165
-6.351303009788775 0.2 3.0471443425825897 0.2 lambertian 0.1489977953171383 0.060817638822445695 0.012558383714463908
-6.272140959585237 0.2 4.537483814557464 0.2 lambertian 0.1392501349220884 0.7827258781688561 0.14786095948679617
-6.731378114998223 0.2 5.804354305621554 0.2 lambertian 0.18542547703436835 0.07560900800191368 0.4498456605140239
-6.2416256790401565 0.2 6.869379383938387 0.2 lambertian 0.04646120917435314 0.03941849426108533 0.07148926141074607
-6.368869659239679 0.2 7.73853215566227 0.2 metal 0.7414189620508661 0.612978112464788 0.8808140503433503 0.4203394256581451
-6.724342599897812 0.2 8.126041893409708 0.2 lambertian 0.4838594189340632 0.3284753280667463 0.46311057746640666
-6.304430613894656 0.2 9.37501446649269 0.2 lambertian 0.6901444170965164 0.008518811457986669 0.13025330261081502
-6.470125315030767 0.2 10.136148715435931 0.2 lambertian 0.10449811040366809 0.9487669551101429 0.3880586799288809
-5.697061353318 0.2 -10.946315237530303 0.2 dielectric 1.5
-5.756041317299046 0.2 -9.89804549684703 0.2 lambertian 0.4673410882941916 0.17807383610224514 0.041733366171586586
-5.8026348689114124 0.2 -8.131533817166094 0.2 metal 0.6940108070345825 0.6479961531253786 0.8963458337372484 0.041581478840514385
-5.296937261312994 0.2 -7.770377964394545 0.2 lambertian 0.1403648086789618 0.4746232145911462 0.18180899573462028
-5.480707764932091 0.2 -6.652356269022234 0.2 lambertian 0.131304930005651 0.050485849470046994 0.8731885104142141
-5.905574946440554 0.2 -5.719308685214013 0.2 lambertian 0.11482974602259174 0.021551762258224014 0.5255984175350471
-5.4699634513978115 0.2 -4.539109371141106 0.2 lambertian 0.10452453505087612 0.11965780145795851 0.24317383578523957
-5.775870213450397 0.2 -3.4777468233829163 0.2 lambertian 0.6547693073906472 0.08658645948193232 0.07440866618143956
-5.288610300768895 0.2 -2.9496587089803876 0.2 lambertian 0.1344414505301928 0.006185573273205134 0.2524224498233505
-5.218974644121143 0.2 -1.6395536352635225 0.2 lambertian 0.07316305225909439 0.7800693209984754 0.32680288615489567
-5.545779704431676 0.2 -0.6472257140857823 0.2 lambertian 0.056715307475198894 0.20564433313599964 0.009790354280230491
-5.189733749864706 0.2 0.265561113472694 0.2 lambertian 0.024662258230580478 0.14607641565877572 0.38345556732188646
-5.651380925693238 0.2 1.3460295589590536 0.2 dielectric 1.5
-5.372092236866777 0.2 2.7127285920767985 0.2 lambertian 0.3206087442964486 0.038171772657764974 0.4586757165324316
-5.243682853058434 0.2 3.1534731529516367 0.2 lambertian 0.0441396032819811 0.003351798994062408 0.7799372104699719
-5.2182445154440185 0.2 4.755868415043539 0.2 lambertian 0.5549321831136192 0.298135062241611 0.6174618411722421
-5.538457208570423 0.2 5.81727193366925 0.2 lambertian 0.140517291880738 0.6433768546992609 0.207309074189482
-5.445824684007987 0.2 6.211293384158906 0.2 lambertian 0.23340115992712743 0.16861089259485262 0.30906479982268614
-5.611329738029326 0.2 7.056102172354788 0.2 lambertian 0.4648717630789302 0.4525427314925795 0.18552955664868018
-5.762574295555522 0.2 8.249676592376137 0.2 lambertian 0.4296823310457135 0.2382112368117587 0.027350362039195508
-5.668954149819087 0.2 9.77660934518465 0.2 metal 0.6506146247886566 0.9159594560469785 0.8199423775368639 0.33451667230165655
-5.833026155134107 0.2 10.094454009685638 0.2 metal 0.6255247439133402 0.5849547665851378 0.7065491115677077 0.0058162108431839
-4.182948307003387 0.2 -10.85714819321948 0.2 lambertian 0.2923087918211679 0.13088951838149326 0.650533230368254
-4.780050813718822 0.2 -9.48548213539038 0.2 lambertian 0.3172947112557416 0.0029628626980247688 0.6364901467258706
-4.941220370415959 0.2 -8.526660234246362 0.2 lambertian 0.2714752696764824 0.7239779628737737 0.22097376837690447
-4.44196161959283 0.2 -7.9694359571333715 0.2 lambertian 0.11940711647964086 0.2563211816277477 0.7218636087402127
-4.847592414062633 0.2 -6.193250536451253 0.2 metal 0.9740337885000461 0.6154382543249479 0.692837992203069 0.13499946130075402
-4.581823715110009 0.2 -5.24885072804713 0.2 lambertian 0.4766604030169194 0.05604049855702108 0.11895585971876703
-4.118856820686733 0.2 -4.481222572718366 0.2 lambertian 0.2222950756635265 0.011123512875890912 0.09746997860778996
-4.289732743476736 0.2 -3.2697902179888367 0.2 lambertian 0.07984882587504874 0.04051797290976097 0.5673721799588555
-4.316333700361856 0.2 -2.1423942049788387 0.2 lambertian 0.13534831165331643 0.17701939648952683 0.25879844716982914
-4.923373378153911 0.2 -1.2065597805911157 0.2 lambertian 0.19359544208034132 0.5184990316758811 0.03422238810535615
-4.138152488622104 0.2 -0.282277288582642 0.2 lambertian 0.2782702342151876 0.5273821622996783 0.06545334789046774
-4.842233412671854 0.2 0.46885585308600547 0.2 lambertian 0.44796590003014053 0.1465857834943625 0.5114330691970367
-4.845101327257849 0.2 1.5725018601653158 0.2 lambertian 0.24858281247819897 0.07325508604880346 0.4511678743535473
-4.322385356956755 0.2 2.156239832726204 0.2 lambertian 0.051163265487226176 0.06635746823770405 0.13207222499140575
-4.708480046115973 0.2 3.5137342407609404 0.2 lambertian 0.05201583805498902 0.059894977648872305 0.587755535534466
-4.268309420354967 0.2 4.745330021137171 0.2 lambertian 0.1303201080371484 0.012558539861163651 0.12090228895578008
-4.5768373327596015 0.2 5.595098222415224 0.2 lambertian 0.4575477518059624 0.07313362617071784 0.6879738963687441
-4.42778439796074 0.2 6.208890120752892 0.2 lambertian 0.14559806577897216 0.00996673873073744 0.5568252796305023
-4.961100657008593 0.2 7.2872398373339555 0.2 lambertian 0.14634415535651074 0.1596232933348986 0.16830007340763087
-4.576640518668081 0.2 8.358402792936575 0.2 lambertian 0.32596149684842995 0.17095018330204703 0.47563472476663027
-4.743209173088179 0.2 9.275707608158232 0.2 lambertian 0.2732366515164328 0.037179147056233194 0.06982072188780294
-4.889230043176833 0.2 10.39250497056424 0.2 lambertian 0.6789929775056219 0.08079093338459802 0.16589517144406063
-3.8931353244744833 0.2 -10.6082701111998 0.2 lambertian 0.24498352117341812 0.10665755573827033 0.24102515926112608
-3.7509382814567656 0.2 -9.164699283166676 0.2 metal 0.559828391928688 0.89830316429873 0.8972917833882734 0.20261624860449706
-3.6294091036165086 0.2 -8.245765960192253 0.2 metal 0.5122766490855224 0.5195317817143148 0.6863610298514371 0.3793778256863746
-3.5994409917303773 0.2 -7.643248097547654 0.2 lambertian 0.4345786533273569 0.7735896793175328 0.09903002870518822
-3.833105130934044 0.2 -6.585855028660075 0.2 dielectric 1.5
-3.523160633690075 0.2 -5.652711920985035 0.2 lambertian 0.0010841374922728373 0.03010727323263629 0.5776899725970227
-3.3874521000656035 0.2 -4.466688362012051 0.2 metal 0.6665222138942934 0.7880913487510626 0.524507816679874 0.4152710358859521
-3.48452263028468 0.2 -3.9695553497483873 0.2 lambertian 0.7120385046365213 0.058988529864616446 0.04477541103562449
-3.9804637169703905 0.2 -2.7536239837039735 0.2 lambertian 0.5503228766139426 0.6711857948346445 0.14010016172252154
-3.8131326106291383 0.2 -1.414968901015817 0.2 lambertian 0.008579982472327028 0.25798626022064225 0.29620584809577877
-3.99786017160503 0.2 -0.24427155225318997 0.2 metal 0.7498835719862234 0.6375554329791493 0.8893214363268787 0.38542486747238325
-3.285441135770037 0.2 0.30051775625933197 0.2 lambertian 0.36614998547581445 0.3086829427328016 0.5929009870632492
-3.3772875923022068 0.2 1.712281759257538 0.2 lambertian 0.14941585361997756 0.0897663839191448 0.17533346573086206
-3.5557191990511776 0.2 2.0513361087368454 0.2 lambertian 0.06871609097114002 0.2877221228345126 0.3143191762601898
-3.9648179596463575 0.2 3.6485692928427316 0.2 lambertian 0.17472886267632715 0.4573802155590238 0.2527275284843884
-3.3566532528323316 0.2 4.207355263135623 0.2 lambertian 0.4035431602890356 0.052625356245506225 0.12310056821980897
-3.8635713331530104 0.2 5.139857647518896 0.2 dielectric 1.5
-3.387870977191392 0.2 6.7559623038899455 0.2 lambertian 0.11070498677329874 0.17979776421028415 0.1291320649884146
-3.962887432957046 0.2 7.261489686135067 0.2 lambertian 0.11676469520403782 0.35621211998549285 0.32235787933601195
-3.692263257640199 0.2 8.578180991253268 0.2 lambertian 0.17798491546597686 0.5146970369202173 0.4035144800586245
-3.2719327744825133 0.2 9.530776580952661 0.2 lambertian 0.13626995892461985 0.24647016762910393 0.40670548333938805
-3.512929603869709 0.2 10.184847488274496 0.2 lambertian 0.0015566909787875218 0.13799620039393504 0.2088090909885878
-2.796480703948999 0.2 -10.605620787788482 0.2 dielectric 1.5
-2.450390874310225 0.2 -9.390656102854138 0.2 metal 0.6818169257215799 0.5584694346160062 0.7417960045351661 0.3077128792034339
-2.5716003226343336 0.2 -8.481982390850511 0.2 dielectric 1.5
-2.1898950302112317 0.2 -7.801891530516701 0.2 lambertian 0.13643902001260122 0.560245701139511 0.1770192619646184
-2.383079541450922 0.2 -6.736552196172173 0.2 lambertian 0.005731902625756051 0.09570322708368739 0.057985048610844636
-2.2147962822844907 0.2 -5.451776903494857 0.2 lambertian 0.0035618132808226195 0.03193891484803856 0.16268650300783133
-2.8526299540813116 0.2 -4.4850928279116555 0.2 lambertian 0.5225211088852988 0.6944270999780956 0.552162025804008
-2.821688160128491 0.2 -3.909250175970168 0.2 lambertian 0.5247869040269606 0.3018397283912922 0.017947868521357945
-2.4815228861620016 0.2 -2.4763020439936123 0.2 lambertian 0.1148030547433472 0.2118831312678257 0.16908154512523974
-2.3607113306641194 0.2 -1.344899137096427 0.2 metal 0.905579340948533 0.6323010542318713 0.8473364379770714 0.31699981896920737
-2.1720855314192087 0.2 -0.3930010073289968 0.2 lambertian 0.09753487731283678 0.22688328540351801 0.03650032052915451
-2.1051969314976047 0.2 0.14223685081174842 0.2 lambertian 0.30134889453989905 0.12912371775392606 0.2265449508034151
-2.661995726622766 0.2 1.8891638187884126 0.2 lambertian 0.9278434230562103 0.20847193012031925 0.46639381364897425
-2.5304868107945233 0.2 2.060595285080926 0.2 dielectric 1.5
-2.9577034268762645 0.2 3.078545921884681 0.2 lambertian 0.22000615360758333 0.11742635916170506 0.4325900885885099
-2.261524724964147 0.2 4.362094254619516 0.2 lambertian 0.42944569504301183 0.06409736463664185 0.27940474350466277
-2.802472749504464 0.2 5.752433435913527 0.2 lambertian 0.37933810326876305 0.006897441743458732 0.025411328146070025
-2.359393535813493 0.2 6.6273633600316595 0.2 lambertian 0.8224375043645792 0.03375282756474405 0.5024529046396512
-2.7193219044829267 0.2 7.573953395482851 0.2 lambertian 0.0587773807773468 0.037081472888176176 0.4848018541752034
-2.4514161369746654 0.2 8.483058617009672 0.2 lambertian 0.031849187934740376 0.7182854167006325 0.7401399138009361
-2.8815099865994678 0.2 9.720291426305513 0.2 lambertian 0.004335023305255558 0.14001393326936426 0.0025105611040717487
-2.924565840128072 0.2 10.44811050087075 0.2 lambertian 0.5679710153339643 0.19494659265992614 0.21477647201306732
-1.5097634731115144 0.2 -10.141409972617218 0.2 lambertian 0.10985409449036397 0.08468882194211518 0.5498806778833781
-1.5027953765154143 0.2 -9.60855617043634 0.2 lambertian 0.05161989272469379 0.2542492671619675 0.1560953575921713
-1.331571278194161 0.2 -8.726334212313613 0.2 lambertian 0.06511177705408419 0.18845159140655854 0.507924035152177
-1.2921636153526534 0.2 -7.525707102544922 0.2 lambertian 0.04019161817340728 0.004519326635075297 0.1580894388683067
-1.3789915260848842 0.2 -6.896220592478004 0.2 lambertian 0.1612923502947185 0.273235507779811 0.2738155774079383
-1.4087122142265116 0.2 -5.183370620218931 0.2 lambertian 0.12575970217116245 0.27491077325102553 0.4925679358579085
-1.207303461697634 0.2 -4.180534073749426 0.2 dielectric 1.5
-1.785376921829855 0.2 -3.5485526900222912 0.2 lambertian 0.2691996396784377 0.10382419940429082 0.3616709712181518
-1.2218807556979208 0.2 -2.199003053845124 0.2 metal 0.9617464578464257 0.6984120453711721 0.9935580737195487 0.256479925282865
-1.5766311488116695 0.2 -1.638214919724903 0.2 metal 0.92449608256524 0.5499967190291466 0.9296098501721246 0.3174827509209876
-1.965953303087705 0.2 -0.2467641883026236 0.2 lambertian 0.05690411901103981 0.2590616197105476 0.4223903972750999
-1.1662860573999918 0.2 0.20852679750045597 0.2 metal 0.8047334830957968 0.5770891771301967 0.8988957152873817 0.39368997316581483
-1.1828667890598932 0.2 1.70753561721118 0.2 lambertian 0.03189446634504847 0.8069136660306305 0.4906441603377406
-1.635670019960091 0.2 2.859630259196779 0.2 lambertian 0.18874526115050794 0.17596826257000214 0.1784962036446346
-1.2639091459715153 0.2 3.103692845132215 0.2 lambertian 0.45276191015764256 0.16609428012741229 0.7365106726988487
-1.2980594439763435 0.2 4.338406211362395 0.2 lambertian 0.07753683989187934 0.027805347828666012 0.05845875242799429
-1.3303309453156582 0.2 5.443342280592846 0.2 lambertian 0.7326682459126267 0.21235656641039816 0.10649591556813073
-1.3803004739630742 0.2 6.380106155758134 0.2 lambertian 0.4927127793345913 0.640810625841319 0.01746436246860157
-1.1392052372054022 0.2 7.35948299475542 0.2 lambertian 0.2440421222278724 0.23738369108735327 0.44565683721390004
-1.7769922024570197 0.2 8.082422193966327 0.2 lambertian 0.4718840122998028 0.2564731845456767 0.8798777579165811
-1.5911511667959521 0.2 9.253435518930221 0.2 lambertian 0.2008879541083996 0.061081013097674296 0.04331570139840339
-1.1494546067678355 0.2 10.762587687641824 0.2 lambertian 0.449109466924161 0.673135441242002 0.5238956211377961
-0.7801924215781899 0.2 -10.535579886766934 0.2 lambertian 0.44268417158854756 0.2126722505902073 0.37788457497432854
-0.3431882211247539 0.2 -9.817070743339084 0.2 dielectric 1.5
-0.20751873242217733 0.2 -8.374922231437685 0.2 lambertian 0.2331089501808247 0.02846157541241313 0.3252347489803782
-0.3248645963047324 0.2 -7.326347515688313 0.2 lambertian 0.1045850850195757 0.48797423267461976 0.6351049838231821
-0.9327395183722275 0.2 -6.345886908393272 0.2 lambertian 0.32701424140396523 0.09831343531039662 0.6775018938719066
-0.2152851292483292 0.2 -5.170668375102196 0.2 lambertian 0.0281884359645192 0.04521073175891616 0.05613386249919903
-0.2626468102237939 0.2 -4.784440611616348 0.2 lambertian 0.02120026581237134 0.014431821483311088 0.1493032405227665
-0.9926425198240331 0.2 -3.12945804321214 0.2 lambertian 0.020927516505400614 0.28424611562875335 0.07782566212157863
-0.7962784252036492 0.2 -2.992075262598837 0.2 lambertian 0.7229450435957322 0.15660324420853217 0.182877593390724
-0.9713847414691145 0.2 -1.983524511711137 0.2 lambertian 0.19512148703788393 0.4036226120991104 0.2073163618557859
-0.7227565014957651 0.2 -0.5026428842750394 0.2 lambertian 0.27156752746447516 0.13759542377162037 0.10477167415767877
-0.7167267445429404 0.2 0.694317871237837 0.2 metal 0.6814199448710492 0.6530226076326816 0.8256542540654976 0.4633249639046976
-0.11526186661947913 0.2 1.1588679135240814 0.2 metal 0.9594682852750419 0.9624395453163064 0.7414354269484025 0.10612890650659518
-0.9018316495487615 0.2 2.7347765288649812 0.2 lambertian 0.0069440223274126805 0.21624469079340786 0.04898096551166115
-0.7198567871029322 0.2 3.399503237923107 0.2 metal 0.6439681515973374 0.9711755495221455 0.6793976994934815 0.3325272416111577
-0.49896864505917493 0.2 4.134940947860575 0.2 lambertian 0.13207887010321429 0.1520144379501974 0.4907017811048769
-0.7275299098237575 0.2 5.8408084737906645 0.2 lambertian 0.11665605537167127 0.1483511543697849 0.12289422508002164
-0.7602228988060252 0.2 6.429488294654812 0.2 metal 0.6780925798669297 0.572145367685295 0.6441224076177804 0.12358185865941224
-0.8832952388020254 0.2 7.713223063343548 0.2 lambertian 0.5366220782284375 0.1759229359167647 0.2334313783652877
-0.11195832504383718 0.2 8.372991751854594 0.2 lambertian 0.4336009879216903 0.24527404924061683 0.5985653597391698
-0.3851047707812979 0.2 9.817523888609525 0.2 lambertian 0.004510333973304458 0.07136094100936982 0.30230189304282556
-0.8484163188868734 0.2 10.160664855472204 0.2 metal 0.8546485220402684 0.8226720522360709 0.6527974598225554 0.3568682195763768
0.8033904652591433 0.2 -10.88967621349463 0.2 lambertian 0.3474313358705049 0.0650107741049275 0.3874175132618622
0.44825761441968154 0.2 -9.309818230878868 0.2 lambertian 0.08780696346669604 0.006085521727923924 0.39480395533272167
0.7968365518891615 0.2 -8.574310971794976 0.2 metal 0.9139685566012516 0.5984496510936546 0.595081242355916 0.12520645708922096
0.30931758593248976 0.2 -7.8453063526263005 0.2 lambertian 0.10322377573531785 0.30729761976925846 0.013839270424336947
0.07800050351630496 0.2 -6.919180341928127 0.2 lambertian 0.13451753520352738 0.00633379586760626 0.053431989505097796
0.8498388424812713 0.2 -5.899677182716459 0.2 dielectric 1.5
0.7231886535828469 0.2 -4.435383788991912 0.2 lambertian 0.045577803627247115 0.47870859712339603 0.015215697402446162
0.4517055585046884 0.2 -3.409507229469371 0.2 lambertian 0.10641987917750502 0.06618186842287865 0.5217443002928609
0.8169596401931715 0.2 -2.50997005648219 0.2 lambertian 0.4258562326779373 0.19210090381898146 0.0874292835151142
0.2805341167858309 0.2 -1.2443247514536364 0.2 lambertian 0.09783052387800086 0.271846986559725 0.09772288562327253
0.4881792457633126 0.2 -0.45654379947770585 0.2 lambertian 0.10138139045580927 0.6381413640929193 0.05079557586010288
0.5463300868093324 0.2 0.0951599482982897 0.2 lambertian 0.2712769366975836 0.7138681729594022 0.1161858230414952
0.16925761988187957 0.2 1.5594342366517469 0.2 lambertian 0.0770565946482876 0.3821435137392845 0.0647346327305119
0.6638163092250381 0.2 2.1788100777208323 0.2 lambertian 0.11314298136896321 0.5250085569783498 0.014373804464708201
0.12869890487274463 0.2 3.0567708385276924 0.2 lambertian 0.020586275772590958 0.06502000014399095 0.04238033795609888
0.44147953763125397 0.2 4.568824586345129 0.2 lambertian 0.3139975712807056 0.6715256392750844 0.19254648609893216
0.24823998820031376 0.2 5.6144242267247675 0.2 lambertian 0.22095290225648173 0.7753223278637861 0.07062687160622334
0.6511850255762534 0.2 6.818755845158462 0.2 lambertian 0.46312511638037474 0.23114656100954048 0.02945960757862534
0.5873063210688924 0.2 7.002334378854325 0.2 lambertian 0.059239123539673644 0.06337931333855032 0.5533148163084689
0.1361983614865256 0.2 8.492440600994858 0.2 metal 0.7296643202805357 0.7666318106068379 0.8928321046780864 0.24773013881715378
0.6124039205440681 0.2 9.793922858759636 0.2 lambertian 0.9251934618126365 0.25781471877289214 0.900487929638385
0.07945405063854899 0.2 10.152758968196324 0.2 lambertian 0.19916247471669882 0.27701513346599416 0.37733480779193224
1.6990971486192614 0.2 -10.48012850021816 0.2 metal 0.9805636094220691 0.8738408093351229 0.5134890025682255 0.3968594143825349
1.4910541937457134 0.2 -9.99962762655888 0.2 lambertian 0.12531915697925883 0.1980016621232904 0.2304293419500553
1.4462119852371915 0.2 -8.854036290272154 0.2 lambertian 0.07925100671433682 0.5863282270592377 0.04083844257100535
1.786927342977537 0.2 -7.958584368326534 0.2 lambertian 0.03501846799732828 0.23576326259407637 0.03662598837242898
1.662026259042813 0.2 -6.860231583957749 0.2 lambertian 0.06977994904045459 0.05486821287202901 0.13768530849621247
1.727210549957586 0.2 -5.570507333935006 0.2 lambertian 0.4498431033390459 0.1377381416130729 0.06839947995193375
1.3932556482944274 0.2 -4.776187745387184 0.2 lambertian 0.002978360194767346 0.09364961254998869 0.25627239939650936
1.5402354583821285 0.2 -3.454148789176047 0.2 lambertian 0.36264291795926473 0.0032266454057047877 0.32711100809566224
1.045501407185841 0.2 -2.8221111588231644 0.2 lambertian 0.5843764132503682 0.08860217459132182 0.08568642361886819
1.664633610890412 0.2 -1.565034758762049 0.2 lambertian 0.6243291130292911 0.14601520951520722 0.05874650329538274
1.7410313910405273 0.2 -0.8222922025581831 0.2 lambertian 0.05141263975765679 0.07786090608380594 0.4947410417141654
1.8787162591968443 0.2 0.048246151179956676 0.2 lambertian 0.3685911384180808 0.14090419499152346 0.22564765890869634
1.476625255130899 0.2 1.8254132396608207 0.2 lambertian 0.37435399176016176 0.5764241145349626 0.6924599102836839
1.8022972919948796 0.2 2.851263581421452 0.2 lambertian 0.302330991573821 0.0015722717772804677 0.028057518420330534
1.536835529309624 0.2 3.008626230779444 0.2 lambertian 0.6809559490920868 0.3430299101479593 0.08131826460887011
1.8236153807992783 0.2 4.7829053644706345 0.2 lambertian 0.09958498234813351 0.03879498570121994 0.022538824271606476
1.2615263427175227 0.2 5.683508739642849 0.2 lambertian 0.737727867154816 0.012405859604862854 0.6011233675689832
1.4822393703374694 0.2 6.727701852218472 0.2 lambertian 0.2196365430809317 0.012991152388540358 0.07519377600769557
1.7873573180152016 0.2 7.301257327541646 0.2 dielectric 1.5
1.811172350734885 0.2 8.430029904393798 0.2 lambertian 0.07086909656934383 0.1197466469494428 0.08647211485700637
1.5548747454042808 0.2 9.089474135329723 0.2 lambertian 0.46926256246815506 0.05661451041417247 0.22333347062720005
1.0941718566362861 0.2 10.824973849239313 0.2 lambertian 0.34674086692842365 0.14689683566705145 0.28018673995268717
2.3367852224323804 0.2 -10.501487656016796 0.2 dielectric 1.5
2.691110794249986 0.2 -9.262784940278014 0.2 lambertian 0.07889962638281743 0.15076930123744287 0.5027362560981592
2.2993231300419397 0.2 -8.567554981015512 0.2 lambertian 0.5471257501548321 0.3976873555326843 0.0019366985155027038
2.4578879578259256 0.2 -7.690519947000211 0.2 lambertian 0.08161723773127581 0.1930951483497293 0.006078631497987752
2.731704193348432 0.2 -6.469605176935989 0.2 lambertian 0.12489556342440777 0.13708215870726437 0.2430366526200797
2.4594250862830105 0.2 -5.218739077791968 0.2 lambertian 0.5194069056936009 0.20474610806436577 0.3244248693880734
2.0302485047150416 0.2 -4.389531157159977 0.2 metal 0.7374421544413253 0.8245138419258006 0.5968338102205188 0.19775678951902848
2.4769447945346155 0.2 -3.315270278241122 0.2 lambertian 0.17295657733111341 0.10415263640289416 0.0012605761279504866
2.3853468930357553 0.2 -2.106440695063341 0.2 metal 0.6188488616578606 0.6640590457958074 0.8987621176808973 0.4335987941877948
2.682911047657258 0.2 -1.986828488891689 0.2 lambertian 0.31703060308803765 0.3610299860016645 0.19029246957859577
2.5235226266583752 0.2 -0.2194247647662696 0.2 metal 0.8840784580036722 0.5670595488447951 0.9081336064094913 0.14905537605259345
2.536781842428317 0.2 0.08836014668278196 0.2 lambertian 0.31309430936018884 0.01817784885578066 0.15249998205897144
2.752891467771623 0.2 1.6008058131258296 0.2 metal 0.7568818675785123 0.7848199007625456 0.7113433065341734 0.4126549581834504
2.4153462020965066 0.2 2.6288562076432225 0.2 lambertian 0.39780544662917655 0.011085608284438933 0.09665677543810126
2.3341961330484065 0.2 3.604708355447157 0.2 lambertian 0.1322606181991545 0.2708312610383069 0.6041502576441546
2.8206138362710584 0.2 4.834769942956532 0.2 lambertian 0.48935879919197506 0.28067902895027763 0.035839117964285655
2.256454428260565 0.2 5.885408762549069 0.2 lambertian 0.25054553460214535 0.035391236639555325 0.5743941616009964
2.7539925451022804 0.2 6.749060994073817 0.2 lambertian 0.30763044934581607 0.18127346842705092 0.07781592052450974
2.814465541625974 0.2 7.287938768323529 0.2 lambertian 0.031014041956465153 0.3790333988269159 0.1544912286130846
2.8497117399527245 0.2 8.64238963782891 0.2 lambertian 0.19386703581836418 0.18458737124014507 0.33197603728909686
2.722333671164249 0.2 9.10134977631408 0.2 metal 0.5407808584505296 0.9458812495163069 0.9093673962293145 0.15591586997716717
2.379082796752973 0.2 10.549570388550803 0.2 lambertian 0.1807743076770221 0.5491789660132937 0.11056115787449529
3.786426521313288 0.2 -10.59365163242912 0.2 lambertian 0.1686571831254125 0.05096830964016948 0.22675658933423207
3.4913565218413707 0.2 -9.599323105238087 0.2 lambertian 0.5156817385106708 0.016689941914466072 0.07350207655931539
3.834738158126374 0.2 -8.668865908299596 0.2 lambertian 0.0016637648820208666 0.20570439314271485 0.09499711143726745
3.1560279194879257 0.2 -7.488034260330732 0.2 lambertian 0.18774853043842035 0.05241550922820933 0.20452072003207492
3.2489709320742155 0.2 -6.714925301233564 0.2 lambertian 0.08582156942459969 0.17197027357043024 0.16191348029758235
3.4909678581059094 0.2 -5.292296930767553 0.2 lambertian 0.056710978683628926 0.038421347192841605 0.28293132985689684
3.310403196507078 0.2 -4.222985945058363 0.2 lambertian 0.13156633975759618 0.09552316445900243 0.5037195425594861
3.1431267602926147 0.2 -3.5342819985400404 0.2 lambertian 0.31075824214550557 0.016305553203181437 0.0670356370645114
3.0613361007481292 0.2 -2.8516547694038197 0.2 lambertian 0.4638524717683373 0.397941229650241 0.20177657258221549
3.693140528545527 0.2 -1.375901637429644 0.2 lambertian 0.0068656437813211305 0.48682398366424023 0.2621235383352192
3.0364207533398044 0.2 -0.9926156070325562 0.2 lambertian 0.7208199708526645 0.03069508562165862 0.3698185864714579
3.249633813163147 0.2 1.4745783462649422 0.2 lambertian 0.5674621557223298 0.4526844453432811 0.06758914573916275
3.8800354580762026 0.2 2.7283455149937814 0.2 metal 0.7417767238333799 0.5113021600809566 0.7509417019817053 0.06354781807140708
3.813146679102089 0.2 3.6650051246190323 0.2 lambertian 0.03144248099209597 0.27284883524994163 0.09335252927952385
3.762667069816338 0.2 4.734699849547013 0.2 lambertian 0.0538205073380334 0.3814619961286278 0.04017730851141373
3.2759676705587872 0.2 5.095045053196117 0.2 lambertian 0.06593971543354232 0.033692130509634495 0.19480436695621312
3.168725069347709 0.2 6.3029956413889225 0.2 lambertian 0.4922213565380397 0.6014159116000726 0.44196933276235273
3.665208190698762 0.2 7.610473039071696 0.2 metal 0.6487537712479367 0.8908082934234938 0.6500688191924001 0.14865306649089427
3.353074462056007 0.2 8.068648769073013 0.2 lambertian 0.028303664907462826 0.010183647063323892 0.09299895583015735
3.4583372332067928 0.2 9.090954112650053 0.2 lambertian 0.8002521400091317 0.4769148882731974 0.29692088033904074
3.3454282214106774 0.2 10.72103790457601 0.2 lambertian 0.093737771532485 0.24537643172954923 0.227799808509913
4.733563461307076 0.2 -10.568407727161048 0.2 lambertian 0.015711576348623923 0.5235932084814989 0.31066825827984135
4.835016178390043 0.2 -9.853630963900779 0.2 dielectric 1.5
4.392701137334123 0.2 -8.420983284272358 0.2 lambertian 0.28074127432446033 0.22514929593425975 0.24526722643145335
4.37957099946851 0.2 -7.573326000427586 0.2 lambertian 0.7111706206865271 0.19316105329367106 0.0008625799029839629
4.59193601281104 0.2 -6.559555734922835 0.2 lambertian 0.12667446139307306 0.1329954117255089 0.0002473056162721639
4.733894448833006 0.2 -5.9968090932146865 0.2 lambertian 0.1775240412374141 0.014344878924051336 0.2907594049112113
4.621717845219802 0.2 -4.962256892719095 0.2 lambertian 0.19986537734974655 0.06739731083298264 0.15461636437303614
4.5630206228841175 0.2 -3.278782538869283 0.2 lambertian 0.10590279849136154 0.27893685712093014 0.08467126890195843
4.8326118895230845 0.2 -2.7420615861018773 0.2 metal 0.7432825032861693 0.7169134455760204 0.8038815495379905 0.11396092500729255
4.131027374671189 0.2 -1.4754209927317818 0.2 lambertian 0.03066633176812817 0.13644066015286446 0.3498227736361923
4.897447805696486 0.2 1.1607333211390738 0.2 lambertian 0.1109654832482907 0.1353317621872082 0.3516788460275777
4.462232945986051 0.2 2.0669102718919246 0.2 lambertian 0.37644513062842283 0.17377640280490622 0.41456822687443035
4.301918631721708 0.2 3.4179062248031733 0.2 lambertian 0.03593435477401011 0.06142234548473113 0.12793367248906595
4.213393603302863 0.2 4.5623227845264145 0.2 lambertian 0.05002712856332146 0.3395469765890627 0.7365166443859008
4.215382647414235 0.2 5.261573183887759 0.2 metal 0.794713043909824 0.8696054710612537 0.8329281329776099 0.054403748787571704
4.864590410791891 0.2 6.579185498246552 0.2 lambertian 0.29658298599355826 0.15114920619609837 0.04731342542887657
4.660259906266998 0.2 7.554359490867417 0.2 lambertian 0.8744321768610258 0.07192004403773433 0.003930437503533751
4.762112767849647 0.2 8.229126557527412 0.2 lambertian 0.1745421838765501 0.34489954372451004 0.1124711639503948
4.394071032265493 0.2 9.718954267411535 0.2 lambertian 0.383157653722951 0.5334958660596835 0.06086731103651652
4.529445350558039 0.2 10.401471221108551 0.2 lambertian 0.13566788823683754 0.23072720159262147 0.06234672645959613
5.400804477648843 0.2 -10.462950563777115 0.2 lambertian 0.17003093931987756 0.19735852911970003 0.30956369138134904
5.024623132041246 0.2 -9.997487893416668 0.2 lambertian 0.4891085301597066 0.09092117112901861 0.31182529884972404
5.006361105314375 0.2 -8.114054799338165 0.2 lambertian 0.3887481599844525 0.25137556625258034 0.11523035894755548
5.323441695179532 0.2 -7.526946674825521 0.2 lambertian 0.575477834704559 0.42090030252126437 0.4070085126384571
5.149073266321688 0.2 -6.569120021899479 0.2 lambertian 0.2615458952679905 0.00457630454178922 0.07376347959549875
5.328227076290573 0.2 -5.610582703689447 0.2 lambertian 0.00042506117937308834 0.01428195184190853 0.04620627891194259
5.717255522223562 0.2 -4.459903705739197 0.2 lambertian 0.14254513650748804 0.6499127375493253 0.01092668711814255
5.81616284122083 0.2 -3.3603007175151305 0.2 lambertian 0.4217338798093494 0.683340062413295 0.30362834652593534
5.873190879912114 0.2 -2.856368889164459 0.2 lambertian 0.9068111296840102 0.11029695013407965 0.8041399298224892
5.590404296852059 0.2 -1.9023162907374842 0.2 lambertian 0.004979961323028605 0.3824716286379608 0.1195583308762161
5.570631648453497 0.2 -0.8395072327144723 0.2 dielectric 1.5
5.223439642268945 0.2 0.23494702658372366 0.2 lambertian 0.8995880027853106 0.45811453040572025 0.27248120277445803
5.270359883822749 0.2 1.3758797327937766 0.2 lambertian 0.5235083864583904 0.8472805187996755 0.10564850504773164
5.493626839492941 0.2 2.412084327967051 0.2 lambertian 0.32797970279537964 0.15709024897626056 0.07371788802415757
5.870596307681001 0.2 3.6144049783399397 0.2 lambertian 0.627808187959623 0.2124031994539775 0.06970650396638821
5.610736432992787 0.2 4.899379457564716 0.2 lambertian 0.022392507322893093 0.09465256641003654 0.48558901627567475
5.398708509581217 0.2 5.579345564029712 0.2 lambertian 0.005426908656485979 0.035928993881402374 0.17904074735709843
5.4889766793820085 0.2 6.1064808557016255 0.2 lambertian 0.2041664412881294 0.004609395583749157 0.14212603308898913
5.070286089439485 0.2 7.666593086228691 0.2 lambertian 0.1206148072644423 0.15943922434762564 0.5815927667929623
5.033673491214212 0.2 8.202406634357537 0.2 lambertian 0.015455220730475621 0.03561281142361666 0.525336938719855
5.457599951349484 0.2 9.614829985903802 0.2 metal 0.8280900478530291 0.9760166248914676 0.5292140086833285 0.3128760289945652
5.855301962866568 0.2 10.501052480630477 0.2 metal 0.5905103044753365 0.6693141846115989 0.764779846343755 0.4840602308745919
6.243531267374038 0.2 -10.240493379493666 0.2 lambertian 0.23176171720706976 0.02344985578807041 0.25006141195846365
6.404095669346058 0.2 -9.709294330640805 0.2 metal 0.5990592514690503 0.8280170010383201 0.8826153663900624 0.020318016055605626
6.113427859020375 0.2 -8.445348829250063 0.2 lambertian 0.17034618423682144 0.04402556113617574 0.2176429183979156
6.644886103084607 0.2 -7.405395283806681 0.2 metal 0.970579267672709 0.9372506340312794 0.6068275250833723 0.35411628560876623
6.399040832592851 0.2 -6.5778850080926485 0.2 lambertian 0.13390391612004576 0.7565071579769511 0.4562357766723097
6.281616114870992 0.2 -5.519548069444765 0.2 lambertian 0.0010829387268710237 0.01050629017638694 0.13428380753302036
6.604808650312987 0.2 -4.223186393024316 0.2 lambertian 0.24242864483864243 0.13531731385758314 0.4533332854965469
6.445656461748335 0.2 -3.6721842749609572 0.2 lambertian 0.04283466323765648 0.32981918161760787 0.16000952618187775
6.0483033177870205 0.2 -2.765552093135244 0.2 lambertian 0.23766041934071414 0.26621905333071727 0.1721589436454656
6.024851034221771 0.2 -1.9211487363772624 0.2 lambertian 0.09944742096521385 0.1778780860231031 0.15925042749706703
6.1721407630234815 0.2 -0.5541343089509349 0.2 dielectric 1.5
6.382540024451029 0.2 0.439541529761227 0.2 lambertian 0.6785791394114807 0.6276847847440074 0.10163972931132241
6.812910330688206 0.2 1.1946559381569928 0.2 lambertian 0.3785360702118526 0.0029535472657871834 0.10335663258595855
6.395547708683787 0.2 2.748202745529965 0.2 lambertian 0.06549845870218315 0.6413102201742645 0.1617921092191162
6.139370581045122 0.2 3.796858891126071 0.2 lambertian 0.6802126973585021 0.031183490401277623 0.5846596523873707
6.471757389035646 0.2 4.09544192728323 0.2 lambertian 0.4963735224182029 0.1475081760816018 0.19008333045860892
6.534612792960241 0.2 5.346485319354583 0.2 lambertian 0.3858208369208542 0.5903283105580366 0.7356898144993341
6.746203736323096 0.2 6.519354363149946 0.2 lambertian 0.4935952247746493 0.04398727736991475 0.18252015594832866
6.105644389219604 0.2 7.310314651945849 0.2 lambertian 0.172105818565445 0.15393398766647895 0.27797625604975873
6.057936603210301 0.2 8.12165284596179 0.2 lambertian 0.45120013829383987 0.07713094915259394 0.18878998849970544
6.7744145391511505 0.2 9.827356433664837 0.2 lambertian 0.25750445468386557 0.3594699549168464 0.05831989062268818
6.892293067145718 0.2 10.793044451508795 0.2 lambertian 0.2453114402074104 0.05113760332021559 0.4140087478403355
7.104963928567209 0.2 -10.637419751255717 0.2 lambertian 0.6024992634749868 0.5510616686348798 0.37792659108967896
7.295563199847413 0.2 -9.813202034295555 0.2 lambertian 0.2371541978899909 0.4792290245729756 0.26877021818942354
7.334027367443506 0.2 -8.778533781293104 0.2 lambertian 0.06254243627637185 0.10898947782092736 0.21941473868930347
7.043652356744387 0.2 -7.509632128053394 0.2 metal 0.6387458948553779 0.5824426487544667 0.7915963681895521 0.3699358750632845
7.781622700203788 0.2 -6.4356399482410644 0.2 lambertian 0.11965507197361444 0.6352219589661133 0.0373108310068901
7.8926547504209505 0.2 -5.131439889832074 0.2 lambertian 0.029519038434882402 0.5292684640381298 0.048607731778621946
7.6936375748048205 0.2 -4.762821256876995 0.2 lambertian 0.1311537290317809 0.1490497790053554 0.359196266623042
7.003353787818147 0.2 -3.389194898668446 0.2 lambertian 0.2854191805803508 0.3116390822868334 0.8605995577812711
7.095246220012887 0.2 -2.8502350203525872 0.2 dielectric 1.5
7.685037758044581 0.2 -1.4068984765815178 0.2 lambertian 0.6882518989438778 0.23727932522006187 0.09059189885212729
7.485918747676765 0.2 -0.40623616378148497 0.2 lambertian 0.08457465961181855 0.033956306682755594 0.29873825879547694
7.731701622480906 0.2 0.2859352519178127 0.2 lambertian 0.09262961144333814 0.02849678996676869 0.20666906720342293
7.55317286693614 0.2 1.033610616481923 0.2 lambertian 0.6721811935065939 0.5895309252624626 0.06976744105842449
7.596824819695417 0.2 2.1475114971856955 0.2 lambertian 0.005812868775471773 0.41047847574934543 0.2300077984389527
7.400124838664231 0.2 3.733998135707659 0.2 lambertian 0.011834399129609553 0.45121889746899085 0.010059625359054627
7.028416835332093 0.2 4.3524932041611635 0.2 metal 0.6751413816969583 0.5699999837983472 0.5879704047188516 0.2465470228150018
7.125581070779341 0.2 5.687234489929394 0.2 lambertian 0.4570052996714582 0.547277485289473 0.15575339509189395
7.839652579000661 0.2 6.387247142211412 0.2 lambertian 0.5377271407897072 0.15648844634752865 0.7949213607854388
7.459453685655541 0.2 7.585961232355047 0.2 lambertian 2.5749031999766593e-05 0.030389010821273554 0.3522713690267997
7.836092342596804 0.2 8.701223128401814 0.2 metal 0.6314817379136399 0.981121446461788 0.5896194631532626 0.3387774407450545
7.396926570575578 0.2 9.322047164426527 0.2 lambertian 0.497943879197756 0.7999242941010559 0.14025756264900435
7.121642886167436 0.2 10.294693385564702 0.2 lambertian 0.012030558057838387 0.17186137513847777 0.07268647100185956
8.160433341875812 0.2 -10.174029219048933 0.2 dielectric 1.5
8.889493747416715 0.2 -9.610141764571656 0.2 metal 0.5127330021597535 0.8581044063705223 0.7438819971106192 0.4947436537927984
8.614329489033507 0.2 -8.247939903716064 0.2 lambertian 0.5087787998193182 0.18987192146799733 0.5741012445473229
8.202149727334882 0.2 -7.908093729861792 0.2 lambertian 0.015961089549410567 0.19904194273175493 0.25378023996779403
8.094323826637567 0.2 -6.226056651645278 0.2 lambertian 0.017723336201093495 0.20327394772930846 0.2958012458275558
8.898218305611495 0.2 -5.643213138981986 0.2 dielectric 1.5
8.557809532714106 0.2 -4.1806851528269116 0.2 lambertian 0.4669884770220565 0.42680459340636057 0.17262312102176589
8.339514379762324 0.2 -3.8731880041861144 0.2 lambertian 0.024426784755569364 0.0010257536057499193 0.5272269141695124
8.282128718132915 0.2 -2.662199069519111 0.2 lambertian 0.025962339075606057 0.1479150054845918 0.4133325866585354
8.58727312709908 0.2 -1.3175060221312558 0.2 lambertian 0.17815335415353228 0.40236267779216295 0.2551444622236646
8.457960745402874 0.2 -0.8352120997661592 0.2 lambertian 0.007356772960794103 0.3456080137452478 0.12287511991328696
8.231796806178748 0.2 0.2043606908449766 0.2 lambertian 0.053933743250965775 0.002352370201575812 0.06181722569057414
8.26826888656503 0.2 1.7735222173748446 0.2 dielectric 1.5
8.15493147044789 0.2 2.8775398658096285 0.2 metal 0.9558310499518858 0.6328030207164806 0.6137209863602826 0.4358735271162856
8.282862535211402 0.2 3.2229640299182054 0.2 lambertian 0.2699079622910538 0.23718445062492619 0.5562412686669966
8.730303805985855 0.2 4.06727344533788 0.2 lambertian 0.18801847891812776 0.13496667382089278 0.6507946436323181
8.540931686837705 0.2 5.228073735467638 0.2 metal 0.7035286585235871 0.7661256922858304 0.5460818593453918 0.10192509136542927
8.66937600910922 0.2 6.066616878066383 0.2 lambertian 0.045011440082445495 0.12026851320282071 0.02064897538519616
8.766302876991217 0.2 7.024132935417791 0.2 lambertian 0.01631933542277448 0.1597045350750364 0.634216744910081
8.672676721751097 0.2 8.890492244252341 0.2 lambertian 0.15227968927845462 0.23913216837402798 0.6054313554599202
8.294353978791623 0.2 9.583793843425429 0.2 lambertian 0.30386734126592274 0.32388646331515647 0.2577799923908018
8.811707162149757 0.2 10.28518912940996 0.2 lambertian 0.05087868457931009 0.1727449214912523 0.7348997827287503
9.040246899944686 0.2 -10.299020903306943 0.2 lambertian 0.6055499684677762 0.5524668728023223 0.5636175491318896
9.191114395591564 0.2 -9.702615832460129 0.2 lambertian 0.07572026270533345 0.14388416100468096 0.0007888427580502427
9.203871448071519 0.2 -8.195869075726414 0.2 lambertian 0.46167901289638674 0.02539537200850481 0.29467465104981444
9.818616577353382 0.2 -7.723406647019863 0.2 lambertian 0.23809615884101057 0.12736845235891128 0.22292701858598793
9.128177375765066 0.2 -6.401669729050618 0.2 metal 0.7674092307038759 0.9317558823184028 0.9911933134631594 0.45347708703260714
9.463477320733261 0.2 -5.9122399486794865 0.2 lambertian 0.2758725812100355 0.07802223498874625 0.48337875216257353
9.481218781852153 0.2 -4.496586952174008 0.2 lambertian 0.10994312078176882 0.09466926751409976 0.40756676778988976
9.580319263994372 0.2 -3.660538527068711 0.2 lambertian 0.34538885036027483 0.6249013022240911 0.32035880789778337
9.59611536710925 0.2 -2.7731244837617464 0.2 lambertian 0.004459299836677193 0.0007021275369112073 0.08626236325570945
9.248641406775302 0.2 -1.905612617053942 0.2 metal 0.5979622896009382 0.5942285408901511 0.9305180314276044 0.12720529253053076
9.877402042579806 0.2 -0.1250028560096007 0.2 lambertian 0.08486668180960168 0.006316704790437404 0.46400366617752076
9.247979968619113 0.2 0.4795936508921549 0.2 lambertian 0.16317793729437233 0.2764861874117181 0.3838104394362503
9.287414041163226 0.2 1.18095544587371 0.2 lambertian 0.06735260859258958 0.5641780565996821 0.2566668372561152
9.732366911397655 0.2 2.4487130590129746 0.2 lambertian 0.004646968248022974 0.05034182385308887 0.03657396265176033
9.380796729613982 0.2 3.71722138419079 0.2 lambertian 0.015599286369655003 0.42025924452810326 0.01956288772043964
9.820067197600233 0.2 4.048005234480326 0.2 lambertian 0.10904374758473231 0.0051550856501314385 0.11360585741709911
9.85967285154917 0.2 5.092465311409409 0.2 lambertian 0.42657505971187387 0.34537652374914285 0.05302026502087445
9.584671591004335 0.2 6.551625251299097 0.2 lambertian 0.04758177672132511 0.01468119129563834 0.47093506775016786
9.362481312268415 0.2 7.13657677567712 0.2 lambertian 0.12280281482447555 0.16106326381568556 0.48653069850328357
9.770948996095825 0.2 8.005412748656003 0.2 dielectric 1.5
9.058730118268592 0.2 9.174829596517652 0.2 lambertian 0.19489250776414213 0.09454591676856594 0.5373856729954484
9.320890951316143 0.2 10.026647909029156 0.2 lambertian 0.04028378938031814 0.1444958631981501 0.08783729937123647
10.726598825359634 0.2 -10.765057066986996 0.2 lambertian 0.8008059991261753 0.01593630303031282 0.15115498873706953
10.382838332768445 0.2 -9.547068127513935 0.2 metal 0.9890966150837068 0.534734006749447 0.7356809255871045 0.24985304762517463
10.059140949809978 0.2 -8.105001251439838 0.2 lambertian 0.06471021829184269 0.560704873744166 0.21626837285346898
10.551059589090377 0.2 -7.857009892984848 0.2 lambertian 0.36917758943916335 0.5213741585846675 0.2812668330850449
10.28241289463355 0.2 -6.805639159153806 0.2 metal 0.5975326361385617 0.8223150471959695 0.5671836252791524 0.06549296608314498
10.863948647169737 0.2 -5.340591132256794 0.2 lambertian 0.07833085173116996 0.1358638748374915 0.0006771082622264545
10.280934370043772 0.2 -4.261310585179528 0.2 lambertian 0.7574719365561297 0.7308194834243488 0.30586437763077307
10.866002354117098 0.2 -3.398959699694647 0.2 lambertian 0.04074350018532502 0.4355942805516172 0.3201984311067114
10.859579703045036 0.2 -2.1030910819023574 0.2 lambertian 0.22652964888840024 0.1635776646303372 0.2592968057230636
10.73084635791531 0.2 -1.1546357238444558 0.2 lambertian 0.010526302292221883 0.3905323701814541 0.08120953100939694
10.475572028024953 0.2 -0.8356370464088686 0.2 lambertian 0.0588492784865351 0.013346420523665813 0.5367853634797504
10.441708849113882 0.2 0.8427120958808367 0.2 lambertian 0.38006686968784015 0.854267850944238 0.6582202035293503
10.175848687676266 0.2 1.7316968609278278 0.2 lambertian 0.4552151134682801 0.447559258586888 0.10777898825372093
10.22005423670499 0.2 2.4764192135442524 0.2 metal 0.8313411978301831 0.6757274039608665 0.9761594613216743 0.3073726719959735
10.326781112765552 0.2 3.080405420855639 0.2 lambertian 0.043662530907514575 0.34009404335227694 0.8396297805010328
10.881245311209907 0.2 4.125489152904682 0.2 lambertian 0.06600576432415231 0.24136939838197607 0.13366024162138332
10.362079516376118 0.2 5.668806040260344 0.2 lambertian 0.48639140579631773 0.14782486556387328 0.061594468465080536
10.345667928845499 0.2 6.8921407250842694 0.2 lambertian 0.5248858454496855 0.47034274434161016 0.06879676573972249
10.23595779969355 0.2 7.239467516689499 0.2 metal 0.6630691803011803 0.6891842651552444 0.6250650670380014 0.24693733749987246
10.089740099183233 0.2 8.578735705525487 0.2 lambertian 0.5288535305947932 0.011587570128149113 0.3718147507442987
10.245511377154925 0.2 9.859869650874654 0.2 lambertian 0.3134342622821597 0.18800336621359964 0.5135409758428212
10.53172994844703 0.2 10.872375091267958 0.2 metal 0.8831633982869784 0.7879778569858872 0.8331401167110132 0.11252408250059881
